12:59:46  , 26.00, 51.90, 0.11, 108.07
12:59:50  , 26.00, 51.80, 0.10, 116.95
12:59:54  , 26.00, 51.70, 0.14, 110.24
12:59:58  , 26.00, 51.60, 0.13, 116.95
13:00:02  , 26.00, 51.50, 0.11, 110.24
13:00:06  , 26.00, 51.40, 0.12, 101.72
13:00:10  , 26.00, 51.30, 0.11, 99.66
13:00:14  , 26.00, 51.30, 0.11, 91.72
13:00:18  , 26.00, 51.30, 0.08, 77.16
13:00:22  , 26.00, 51.30, 0.10, 87.92
13:00:26  , 26.00, 51.30, 0.09, 87.92
13:00:30  , 26.00, 51.30, 0.10, 105.92
13:00:34  , 26.00, 51.30, 0.12, 87.92
13:00:38  , 26.00, 51.30, 0.09, 78.88
13:00:42  , 26.00, 51.30, 0.09, 87.92
13:00:46  , 26.00, 51.30, 0.08, 84.22
13:00:50  , 26.00, 51.30, 0.08, 73.78
13:00:54  , 26.00, 51.30, 0.09, 89.80
13:00:58  , 26.00, 51.20, 0.09, 75.45
13:01:02  , 26.00, 51.20, 0.12, 80.64
13:01:06  , 26.00, 51.30, 0.09, 77.16
13:01:10  , 26.00, 51.30, 0.10, 80.64
13:01:14  , 26.00, 51.30, 0.11, 80.64
13:01:18  , 26.00, 51.30, 0.08, 87.92
13:01:22  , 26.10, 51.30, 0.10, 78.88
13:01:26  , 26.10, 51.30, 0.08, 78.88
13:01:30  , 26.10, 51.20, 0.09, 77.16
13:01:34  , 26.10, 51.20, 0.08, 72.13
13:01:38  , 26.10, 51.20, 0.11, 87.92
13:01:42  , 26.10, 51.60, 0.08, 86.06
13:01:46  , 26.10, 51.60, 0.08, 75.45
13:01:50  , 26.10, 51.70, 0.12, 78.88
13:01:54  , 26.00, 51.70, 0.08, 87.92
13:01:58  , 26.00, 51.80, 0.10, 47.80
13:02:02  , 26.00, 51.90, 0.10, 72.13
13:02:06  , 26.00, 52.00, 0.13, 87.92
13:02:10  , 26.00, 52.00, 0.10, 68.91
13:02:14  , 26.00, 52.00, 0.07, 64.26
13:02:19  , 26.00, 52.00, 0.12, 68.91
13:02:23  , 26.00, 51.90, 0.10, 61.28
13:02:27  , 26.00, 51.90, 0.10, 87.92
13:02:31  , 26.00, 52.00, 0.12, 68.91
13:02:35  , 26.00, 52.00, 0.11, 72.13
13:02:39  , 26.00, 52.00, 0.10, 65.78
13:02:43  , 26.00, 51.90, 0.10, 61.28
13:02:47  , 26.00, 51.80, 0.08, 87.92
13:02:51  , 26.00, 51.70, 0.11, 73.78
13:02:55  , 26.00, 51.70, 0.10, 65.78
13:02:59  , 26.00, 51.70, 0.12, 61.28
13:03:03  , 26.00, 51.70, 0.09, 77.16
13:03:07  , 26.00, 51.70, 0.10, 58.40
13:03:11  , 26.00, 51.80, 0.11, 70.51
13:03:15  , 26.00, 51.80, 0.10, 70.51
13:03:19  , 26.10, 51.80, 0.08, 57.00
13:03:23  , 26.10, 51.70, 0.09, 75.45
13:03:27  , 26.10, 51.80, 0.12, 68.91
13:03:31  , 26.10, 51.80, 0.12, 58.40
13:03:35  , 26.10, 51.80, 0.08, 61.28
13:03:39  , 26.10, 51.90, 0.11, 62.76
13:03:43  , 26.10, 51.90, 0.10, 45.38
13:03:47  , 26.10, 51.80, 0.11, 57.00
13:03:51  , 26.10, 51.80, 0.12, 47.80
13:03:55  , 26.10, 51.70, 0.09, 55.62
13:03:59  , 26.10, 51.60, 0.11, 61.28
13:04:03  , 26.10, 51.50, 0.10, 61.28
13:04:07  , 26.10, 51.50, 0.08, 58.40
13:04:11  , 26.10, 51.50, 0.10, 61.28
13:04:15  , 26.10, 51.50, 0.12, 61.28
13:04:19  , 26.10, 51.50, 0.11, 49.05
13:04:23  , 26.10, 51.50, 0.13, 65.78
13:04:27  , 26.10, 51.50, 0.11, 52.92
13:04:31  , 26.10, 51.50, 0.11, 62.76
13:04:35  , 26.10, 51.60, 0.10, 62.76
13:04:39  , 26.10, 51.60, 0.12, 57.00
13:04:43  , 26.20, 51.60, 0.11, 52.92
13:04:47  , 26.20, 51.50, 0.09, 40.78
13:04:51  , 26.20, 51.40, 0.12, 58.40
13:04:55  , 26.20, 51.30, 0.12, 61.28
13:05:00  , 26.20, 51.20, 0.09, 57.00
13:05:04  , 26.10, 51.10, 0.10, 57.00
13:05:08  , 26.20, 51.00, 0.11, 72.13
13:05:12  , 26.10, 50.90, 0.09, 55.62
13:05:16  , 26.20, 50.80, 0.10, 54.26
13:05:20  , 26.20, 50.90, 0.10, 59.83
13:05:24  , 26.20, 50.80, 0.11, 39.68
13:05:28  , 26.20, 50.80, 0.10, 61.28
13:05:32  , 26.20, 50.90, 0.13, 54.26
13:05:36  , 26.20, 51.00, 0.13, 43.03
13:05:40  , 26.20, 51.10, 0.12, 61.28
13:05:44  , 26.30, 51.00, 0.11, 52.92
13:05:48  , 26.30, 51.00, 0.12, 68.91
13:05:52  , 26.30, 51.00, 0.09, 61.28
13:05:56  , 26.30, 51.00, 0.12, 62.76
13:06:00  , 26.30, 50.90, 0.11, 58.40
13:06:04  , 26.30, 50.90, 0.09, 73.78
13:06:08  , 26.30, 50.80, 0.11, 61.28
13:06:12  , 26.30, 50.70, 0.12, 68.91
13:06:16  , 26.30, 50.70, 0.10, 57.00
13:06:20  , 26.30, 50.70, 0.14, 61.28
13:06:24  , 26.30, 50.60, 0.11, 61.28
13:06:28  , 26.30, 50.70, 0.13, 95.63
13:06:32  , 26.30, 50.80, 0.12, 61.28
13:06:36  , 26.30, 50.90, 0.12, 101.72
13:06:40  , 26.30, 51.40, 0.11, 68.91
13:06:44  , 26.30, 51.60, 0.12, 65.78
13:06:48  , 26.30, 51.50, 0.11, 62.76
13:06:52  , 26.30, 51.50, 0.11, 55.62
13:06:56  , 26.30, 51.20, 0.12, 62.76
13:07:00  , 26.30, 50.90, 0.12, 87.92
13:07:04  , 26.30, 50.70, 0.09, 62.76
13:07:08  , 26.30, 50.70, 0.12, 78.88
13:07:12  , 26.30, 50.70, 0.12, 62.76
13:07:16  , 26.30, 50.60, 0.12, 68.91
13:07:20  , 26.30, 50.80, 0.11, 87.92
13:07:24  , 26.40, 51.00, 0.12, 73.78
13:07:28  , 26.30, 50.90, 0.12, 59.83
13:07:32  , 26.30, 50.90, 0.09, 70.51
13:07:36  , 26.30, 50.90, 0.12, 62.76
13:07:40  , 26.30, 50.90, 0.12, 51.61
13:07:45  , 26.30, 50.90, 0.11, 77.16
13:07:49  , 26.20, 51.00, 0.11, 52.92
13:07:53  , 26.20, 50.90, 0.10, 68.91
13:07:57  , 26.20, 50.80, 0.12, 51.61
13:08:01  , 26.20, 50.70, 0.12, 61.28
13:08:05  , 26.20, 50.60, 0.12, 47.80
13:08:09  , 26.20, 50.60, 0.12, 49.05
13:08:13  , 26.20, 50.60, 0.09, 52.92
13:08:17  , 26.20, 50.60, 0.08, 40.78
13:08:21  , 26.20, 50.50, 0.10, 40.78
13:08:25  , 26.20, 50.50, 0.12, 61.28
13:08:29  , 26.20, 50.50, 0.12, 46.58
13:08:33  , 26.30, 50.40, 0.09, 46.58
13:08:37  , 26.20, 50.50, 0.09, 40.78
13:08:41  , 26.20, 50.40, 0.12, 39.68
13:08:45  , 26.20, 50.40, 0.12, 46.58
13:08:49  , 26.20, 50.50, 0.09, 46.58
13:08:53  , 26.20, 50.50, 0.12, 39.68
13:08:57  , 26.20, 50.40, 0.12, 43.03
13:09:01  , 26.20, 50.40, 0.12, 37.54
13:09:05  , 26.30, 50.30, 0.13, 45.38
13:09:09  , 26.30, 50.20, 0.12, 30.68
13:09:13  , 26.30, 50.20, 0.11, 33.51
13:09:17  , 26.30, 50.20, 0.13, 40.78
13:09:21  , 26.30, 50.20, 0.12, 40.78
13:09:25  , 26.30, 50.10, 0.10, 41.89
13:09:29  , 26.30, 50.10, 0.12, 41.89
13:09:33  , 26.30, 50.10, 0.09, 40.78
13:09:37  , 26.30, 50.10, 0.14, 37.54
13:09:41  , 26.30, 50.10, 0.12, 40.78
13:09:45  , 26.40, 50.10, 0.12, 37.54
13:09:49  , 26.40, 50.10, 0.12, 40.78
13:09:53  , 26.40, 50.10, 0.12, 45.38
13:09:57  , 26.40, 50.20, 0.12, 44.19
13:10:01  , 26.40, 50.30, 0.13, 40.78
13:10:05  , 26.40, 50.40, 0.12, 44.19
13:10:09  , 26.40, 50.40, 0.12, 30.68
13:10:13  , 26.40, 50.50, 0.12, 40.78
13:10:17  , 26.40, 50.50, 0.14, 40.78
13:10:21  , 26.30, 50.40, 0.12, 40.78
13:10:26  , 26.30, 50.40, 0.12, 41.89
13:10:30  , 26.30, 50.40, 0.12, 41.89
13:10:34  , 26.30, 50.40, 0.10, 52.92
13:10:38  , 26.30, 50.40, 0.12, 37.54
13:10:42  , 26.20, 50.40, 0.12, 40.78
13:10:46  , 26.20, 50.40, 0.11, 33.51
13:10:50  , 26.10, 50.40, 0.12, 40.78
13:10:54  , 26.10, 50.30, 0.14, 46.58
13:10:58  , 26.00, 50.40, 0.08, 40.78
13:11:02  , 26.00, 50.50, 0.08, 18.29
13:11:06  , 26.00, 50.60, 0.09, 31.60
13:11:10  , 26.00, 50.60, 0.09, 43.03
13:11:14  , 26.00, 50.50, 0.12, 39.68
13:11:18  , 26.00, 50.50, 0.12, 52.92
13:11:22  , 26.00, 50.60, 0.12, 37.54
13:11:26  , 26.00, 50.70, 0.14, 37.54
13:11:30  , 26.00, 50.80, 0.13, 34.48
13:11:34  , 26.00, 50.80, 0.14, 44.19
13:11:38  , 26.00, 50.80, 0.12, 47.80
13:11:42  , 26.00, 51.00, 0.12, 35.48
13:11:46  , 26.00, 51.00, 0.12, 41.89
13:11:50  , 26.00, 51.00, 0.12, 41.89
13:11:54  , 26.00, 50.90, 0.12, 40.78
13:11:58  , 26.00, 50.80, 0.12, 40.78
13:12:02  , 26.00, 50.90, 0.12, 52.92
13:12:06  , 26.00, 51.00, 0.10, 37.54
13:12:10  , 26.00, 51.10, 0.12, 38.60
13:12:14  , 26.00, 51.10, 0.11, 46.58
13:12:18  , 26.00, 51.00, 0.12, 33.51
13:12:22  , 26.00, 50.90, 0.09, 38.60
13:12:26  , 26.00, 50.80, 0.10, 34.48
13:12:30  , 26.00, 50.70, 0.11, 38.60
13:12:34  , 26.10, 50.60, 0.12, 47.80
13:12:38  , 26.10, 50.60, 0.12, 30.68
13:12:42  , 26.10, 50.60, 0.12, 38.60
13:12:46  , 26.20, 50.40, 0.11, 40.78
13:12:50  , 26.20, 50.40, 0.09, 40.78
13:12:54  , 26.20, 50.40, 0.12, 39.68
13:12:58  , 26.30, 50.40, 0.14, 28.89
13:13:02  , 26.30, 50.30, 0.11, 39.68
13:13:07  , 26.30, 50.30, 0.11, 39.68
13:13:11  , 26.30, 50.20, 0.14, 40.78
13:13:15  , 26.30, 50.30, 0.13, 33.51
13:13:19  , 26.30, 50.40, 0.12, 40.78
13:13:23  , 26.30, 50.40, 0.12, 54.26
13:13:27  , 26.30, 50.40, 0.12, 33.51
13:13:31  , 26.30, 50.40, 0.12, 40.78
13:13:35  , 26.30, 50.50, 0.13, 40.78
13:13:39  , 26.30, 50.40, 0.12, 39.68
13:13:43  , 26.30, 50.30, 0.13, 40.78
13:13:47  , 26.30, 50.30, 0.09, 26.34
13:13:51  , 26.30, 50.20, 0.10, 40.78
13:13:55  , 26.30, 50.20, 0.07, 40.78
13:13:59  , 26.30, 50.10, 0.12, 29.78
13:14:03  , 26.30, 50.00, 0.12, 38.60
13:14:07  , 26.30, 50.00, 0.10, 38.60
13:14:11  , 26.30, 49.90, 0.12, 43.03
13:14:15  , 26.30, 49.90, 0.11, 28.89
13:14:19  , 26.30, 49.90, 0.12, 35.48
13:14:23  , 26.30, 49.90, 0.14, 39.68
13:14:27  , 26.30, 49.90, 0.12, 43.03
13:14:31  , 26.30, 50.00, 0.12, 43.03
13:14:35  , 26.30, 50.10, 0.14, 70.51
13:14:39  , 26.30, 50.10, 0.12, 49.05
13:14:43  , 26.30, 50.10, 0.15, 47.80
13:14:47  , 26.30, 50.10, 0.12, 40.78
13:14:51  , 26.30, 50.00, 0.12, 46.58
13:14:55  , 26.30, 50.00, 0.12, 40.78
13:14:59  , 26.30, 50.00, 0.15, 37.54
13:15:03  , 26.30, 50.00, 0.15, 38.60
13:15:07  , 26.30, 50.00, 0.15, 45.38
13:15:11  , 26.30, 50.00, 0.13, 62.76
13:15:15  , 26.30, 49.90, 0.12, 33.51
13:15:19  , 26.40, 49.90, 0.16, 38.60
13:15:23  , 26.40, 49.90, 0.15, 43.03
13:15:27  , 26.40, 49.80, 0.14, 49.05
13:15:31  , 26.40, 49.80, 0.15, 47.80
13:15:35  , 26.40, 49.90, 0.17, 40.78
13:15:39  , 26.40, 49.90, 0.14, 44.19
13:15:43  , 26.40, 50.00, 0.13, 54.26
13:15:48  , 26.40, 50.20, 0.14, 46.58
13:15:52  , 26.40, 50.20, 0.16, 80.64
13:15:56  , 26.40, 50.20, 0.13, 40.78
13:16:00  , 26.40, 50.20, 0.13, 43.03
13:16:04  , 26.40, 50.20, 0.13, 40.78
13:16:08  , 26.40, 50.10, 0.14, 47.80
13:16:12  , 26.30, 50.10, 0.12, 62.76
13:16:16  , 26.30, 50.20, 0.14, 44.19
13:16:20  , 26.30, 50.20, 0.15, 46.58
13:16:24  , 26.30, 50.20, 0.13, 37.54
13:16:28  , 26.30, 50.10, 0.16, 40.78
13:16:32  , 26.30, 50.10, 0.12, 65.78
13:16:36  , 26.30, 50.20, 0.16, 49.05
13:16:40  , 26.30, 50.30, 0.13, 40.78
13:16:44  , 26.30, 50.30, 0.13, 49.05
13:16:48  , 26.30, 50.40, 0.15, 43.03
13:16:52  , 26.30, 50.50, 0.13, 58.40
13:16:56  , 26.30, 50.50, 0.15, 45.38
13:17:00  , 26.30, 50.50, 0.12, 43.03
13:17:04  , 26.30, 50.50, 0.12, 46.58
13:17:08  , 26.30, 50.50, 0.14, 43.03
13:17:12  , 26.30, 50.50, 0.12, 41.89
13:17:16  , 26.30, 50.50, 0.16, 58.40
13:17:20  , 26.30, 50.40, 0.11, 57.00
13:17:24  , 26.30, 50.50, 0.13, 45.38
13:17:28  , 26.30, 50.50, 0.15, 43.03
13:17:32  , 26.30, 50.50, 0.10, 65.78
13:17:36  , 26.30, 50.70, 0.17, 47.80
13:17:40  , 26.20, 50.90, 0.15, 47.80
13:17:44  , 26.20, 50.80, 0.11, 61.28
13:17:48  , 26.20, 50.80, 0.12, 54.26
13:17:52  , 26.20, 50.80, 0.13, 41.89
13:17:56  , 26.20, 50.80, 0.14, 57.00
13:18:00  , 26.20, 50.60, 0.14, 46.58
13:18:04  , 26.20, 50.60, 0.14, 70.51
13:18:08  , 26.20, 50.80, 0.16, 49.05
13:18:12  , 26.20, 50.90, 0.17, 49.05
13:18:16  , 26.20, 50.90, 0.15, 51.61
13:18:20  , 26.20, 50.90, 0.08, 44.19
13:18:24  , 26.20, 50.80, 0.15, 46.58
13:18:29  , 26.20, 50.70, 0.14, 45.38
13:18:33  , 26.20, 50.70, 0.13, 58.40
13:18:37  , 26.20, 50.70, 0.17, 52.92
13:18:41  , 26.20, 50.70, 0.15, 49.05
13:18:45  , 26.20, 50.60, 0.16, 44.19
13:18:49  , 26.20, 50.60, 0.19, 45.38
13:18:53  , 26.10, 50.60, 0.18, 43.03
13:18:57  , 26.10, 50.60, 0.13, 47.80
13:19:01  , 26.10, 50.60, 0.13, 54.26
13:19:05  , 26.00, 50.60, 0.13, 51.61
13:19:09  , 26.00, 50.70, 0.14, 62.76
13:19:13  , 26.00, 50.80, 0.15, 54.26
13:19:17  , 26.00, 50.80, 0.16, 54.26
13:19:21  , 26.00, 50.80, 0.16, 52.92
13:19:25  , 26.00, 50.70, 0.15, 114.68
13:19:29  , 26.00, 50.60, 0.13, 40.78
13:19:33  , 26.00, 50.50, 0.13, 41.89
13:19:37  , 26.00, 50.50, 0.14, 59.83
13:19:41  , 26.00, 50.50, 0.09, 49.05
13:19:45  , 26.00, 50.50, 0.13, 52.92
13:19:49  , 26.00, 50.50, 0.12, 47.80
13:19:53  , 26.00, 50.40, 0.15, 35.48
13:19:57  , 26.10, 50.40, 0.16, 45.38
13:20:01  , 26.10, 50.40, 0.14, 41.89
13:20:05  , 26.10, 50.50, 0.17, 31.60
13:20:09  , 26.10, 50.40, 0.15, 47.80
13:20:13  , 26.10, 50.40, 0.15, 61.28
13:20:17  , 26.10, 50.40, 0.15, 46.58
13:20:21  , 26.10, 50.30, 0.18, 46.58
13:20:25  , 26.10, 50.30, 0.12, 43.03
13:20:29  , 26.10, 50.30, 0.17, 40.78
13:20:33  , 26.10, 50.20, 0.13, 39.68
13:20:37  , 26.10, 50.20, 0.16, 40.78
13:20:41  , 26.20, 50.20, 0.15, 40.78
13:20:45  , 26.20, 50.10, 0.12, 40.78
13:20:49  , 26.20, 50.10, 0.13, 38.60
13:20:53  , 26.20, 50.10, 0.12, 57.00
13:20:57  , 26.20, 50.10, 0.15, 40.78
13:21:01  , 26.20, 50.00, 0.12, 49.05
13:21:05  , 26.20, 50.00, 0.13, 75.45
13:21:10  , 26.30, 49.80, 0.15, 40.78
13:21:14  , 26.30, 49.80, 0.13, 38.60
13:21:18  , 26.30, 49.80, 0.16, 41.89
13:21:22  , 26.30, 49.80, 0.16, 45.38
13:21:26  , 26.30, 49.70, 0.11, 35.48
13:21:30  , 26.40, 49.70, 0.16, 44.19
13:21:34  , 26.40, 49.70, 0.12, 44.19
13:21:38  , 26.40, 49.60, 0.30, 40.78
13:21:42  , 26.40, 49.60, 0.16, 47.80
13:21:46  , 26.40, 49.60, 0.14, 54.26
13:21:50  , 26.40, 49.60, 0.14, 54.26
13:21:54  , 26.40, 49.60, 0.12, 43.03
13:21:58  , 26.40, 49.60, 0.15, 52.92
13:22:02  , 26.40, 49.60, 0.25, 46.58
13:22:06  , 26.40, 49.60, 0.11, 61.28
13:22:10  , 26.30, 49.60, 0.18, 49.05
13:22:14  , 26.40, 49.60, 0.15, 97.63
13:22:18  , 26.40, 49.70, 0.12, 52.92
13:22:22  , 26.30, 49.80, 0.13, 49.05
13:22:26  , 26.30, 49.90, 0.13, 52.92
13:22:30  , 26.40, 50.00, 0.16, 44.19
13:22:34  , 26.40, 50.00, 0.13, 57.00
13:22:38  , 26.30, 50.00, 0.14, 43.03
13:22:42  , 26.30, 50.00, 0.16, 44.19
13:22:46  , 26.30, 50.10, 0.13, 44.19
13:22:50  , 26.30, 50.10, 0.10, 58.40
13:22:54  , 26.30, 50.10, 0.12, 49.05
13:22:58  , 26.30, 50.10, 0.16, 54.26
13:23:02  , 26.30, 50.00, 0.13, 37.54
13:23:06  , 26.30, 50.00, 0.16, 40.78
13:23:10  , 26.30, 50.00, 0.13, 40.78
13:23:14  , 26.30, 50.10, 0.16, 49.05
13:23:18  , 26.30, 50.10, 0.11, 52.92
13:23:22  , 26.30, 50.10, 0.15, 40.78
13:23:26  , 26.30, 50.00, 0.13, 51.61
13:23:30  , 26.30, 50.10, 0.13, 43.03
13:23:34  , 26.30, 50.00, 0.14, 37.54
13:23:38  , 26.20, 50.10, 0.13, 43.03
13:23:42  , 26.20, 50.10, 0.12, 43.03
13:23:46  , 26.20, 50.10, 0.12, 61.28
13:23:51  , 26.20, 50.10, 0.12, 46.58
13:23:55  , 26.20, 50.00, 0.12, 43.03
13:23:59  , 26.20, 50.00, 0.14, 41.89
13:24:03  , 26.20, 50.10, 0.15, 55.62
13:24:07  , 26.20, 50.30, 0.17, 29.78
13:24:11  , 26.20, 50.30, 0.14, 54.26
13:24:15  , 26.30, 50.20, 0.13, 47.80
13:24:19  , 26.30, 50.10, 0.11, 40.78
13:24:23  , 26.30, 50.10, 0.19, 33.51
13:24:27  , 26.30, 50.00, 0.14, 44.19
13:24:31  , 26.30, 49.90, 0.13, 75.45
13:24:35  , 26.30, 49.80, 0.16, 44.19
13:24:39  , 26.30, 49.70, 0.12, 51.61
13:24:43  , 26.30, 49.60, 0.19, 40.78
13:24:47  , 26.30, 49.60, 0.18, 49.05
13:24:51  , 26.30, 49.70, 0.18, 58.40
13:24:55  , 26.30, 49.80, 0.15, 40.78
13:24:59  , 26.30, 49.80, 0.12, 46.58
13:25:03  , 26.30, 49.90, 0.12, 49.05
13:25:07  , 26.30, 49.80, 0.12, 41.89
13:25:11  , 26.20, 50.00, 0.16, 40.78
13:25:15  , 26.20, 50.10, 0.16, 50.32
13:25:19  , 26.20, 50.10, 0.12, 40.78
13:25:23  , 26.20, 50.10, 0.12, 47.80
13:25:27  , 26.10, 50.10, 0.12, 50.32
13:25:31  , 26.10, 50.20, 0.14, 49.05
13:25:35  , 26.10, 50.20, 0.16, 54.26
13:25:39  , 26.10, 50.20, 0.13, 39.68
13:25:43  , 26.10, 50.10, 0.16, 62.76
13:25:47  , 26.10, 50.20, 0.13, 39.68
13:25:51  , 26.10, 50.10, 0.14, 44.19
13:25:55  , 26.10, 50.10, 0.12, 61.28
13:25:59  , 26.10, 50.10, 0.14, 47.80
13:26:03  , 26.10, 50.10, 0.14, 46.58
13:26:07  , 26.10, 50.10, 0.12, 49.05
13:26:11  , 26.10, 50.20, 0.15, 52.92
13:26:15  , 26.10, 50.30, 0.12, 40.78
13:26:19  , 26.10, 50.20, 0.14, 49.05
13:26:23  , 26.10, 50.20, 0.16, 26.34
13:26:27  , 26.10, 50.10, 0.16, 44.19
13:26:32  , 26.20, 50.10, 0.12, 40.78
13:26:36  , 26.20, 50.10, 0.14, 39.68
13:26:40  , 26.20, 50.10, 0.13, 40.78
13:26:44  , 26.20, 50.00, 0.16, 41.89
13:26:48  , 26.20, 50.00, 0.14, 39.68
13:26:52  , 26.20, 50.10, 0.11, 49.05
13:26:56  , 26.20, 50.10, 0.10, 46.58
13:27:00  , 26.20, 50.20, 0.12, 57.00
13:27:04  , 26.20, 50.00, 0.13, 39.68
13:27:08  , 26.20, 50.00, 0.19, 41.89
13:27:12  , 26.20, 50.00, 0.14, 46.58
13:27:16  , 26.20, 50.00, 0.13, 59.83
13:27:20  , 26.20, 49.90, 0.14, 45.38
13:27:24  , 26.20, 49.90, 0.12, 30.68
13:27:28  , 26.20, 49.80, 0.12, 46.58
13:27:32  , 26.30, 49.60, 0.14, 41.89
13:27:36  , 26.30, 49.60, 0.12, 52.92
13:27:40  , 26.30, 49.60, 0.12, 40.78
13:27:44  , 26.30, 49.50, 0.12, 47.80
13:27:48  , 26.30, 49.50, 0.15, 58.40
13:27:52  , 26.30, 49.40, 0.11, 51.61
13:27:56  , 26.30, 49.50, 0.17, 44.19
13:28:00  , 26.30, 49.40, 0.12, 31.60
13:28:04  , 26.30, 49.40, 0.13, 61.28
13:28:08  , 26.30, 49.50, 0.15, 51.61
13:28:12  , 26.30, 49.60, 0.17, 40.78
13:28:16  , 26.30, 49.70, 0.26, 45.38
13:28:20  , 26.30, 49.60, 0.15, 47.80
13:28:24  , 26.30, 49.60, 0.13, 41.89
13:28:28  , 26.30, 49.60, 0.12, 44.19
13:28:32  , 26.30, 49.70, 0.15, 72.13
13:28:36  , 26.30, 49.70, 0.13, 47.80
13:28:40  , 26.30, 49.80, 0.17, 51.61
13:28:44  , 26.30, 49.80, 0.12, 54.26
13:28:48  , 26.30, 49.90, 0.13, 45.38
13:28:52  , 26.30, 49.90, 0.17, 44.19
13:28:56  , 26.20, 50.00, 0.12, 43.03
13:29:00  , 26.30, 49.80, 0.12, 49.05
13:29:04  , 26.20, 49.90, 0.11, 52.92
13:29:08  , 26.30, 49.70, 0.16, 61.28
13:29:13  , 26.30, 49.80, 0.14, 68.91
13:29:17  , 26.30, 49.80, 0.15, 49.05
13:29:21  , 26.30, 49.80, 0.17, 52.92
13:29:25  , 26.30, 49.60, 0.14, 44.19
13:29:29  , 26.30, 49.60, 0.15, 62.76
13:29:33  , 26.30, 49.60, 0.13, 57.00
13:29:37  , 26.30, 49.70, 0.12, 57.00
13:29:41  , 26.30, 49.60, 0.14, 54.26
13:29:45  , 26.30, 49.60, 0.14, 40.78
13:29:49  , 26.30, 49.60, 0.16, 49.05
13:29:53  , 26.30, 49.50, 0.12, 45.38
13:29:57  , 26.30, 49.40, 0.13, 59.83
13:30:01  , 26.30, 49.40, 0.12, 39.68
13:30:05  , 26.30, 49.40, 0.12, 80.64
13:30:09  , 26.30, 49.50, 0.14, 55.62
13:30:13  , 26.30, 49.60, 0.14, 50.32
13:30:17  , 26.30, 49.60, 0.12, 47.80
13:30:21  , 26.30, 49.70, 0.19, 44.19
13:30:25  , 26.30, 49.70, 0.13, 41.89
13:30:29  , 26.30, 49.60, 0.14, 40.78
13:30:33  , 26.30, 49.60, 0.12, 51.61
13:30:37  , 26.30, 49.60, 0.16, 47.80
13:30:41  , 26.30, 49.50, 0.13, 44.19
13:30:45  , 26.30, 49.50, 0.11, 47.80
13:30:49  , 26.30, 49.40, 0.17, 46.58
13:30:53  , 26.30, 49.40, 0.13, 68.91
13:30:57  , 26.30, 49.40, 0.13, 61.28
13:31:01  , 26.30, 49.40, 0.18, 46.58
13:31:05  , 26.30, 49.40, 0.12, 54.26
13:31:09  , 26.30, 49.70, 0.16, 57.00
13:31:13  , 26.30, 49.80, 0.15, 58.40
13:31:17  , 26.40, 49.80, 0.14, 45.38
13:31:21  , 26.40, 49.80, 0.16, 55.62
13:31:25  , 26.40, 49.70, 0.17, 57.00
13:31:29  , 26.40, 49.60, 0.17, 58.40
13:31:33  , 26.40, 49.60, 0.15, 61.28
13:31:37  , 26.40, 49.60, 0.20, 47.80
13:31:41  , 26.40, 49.60, 0.18, 61.28
13:31:45  , 26.40, 49.50, 0.17, 64.26
13:31:49  , 26.40, 49.40, 0.18, 39.68
13:31:54  , 26.40, 49.40, 0.12, 61.28
13:31:58  , 26.40, 49.50, 0.19, 65.78
13:32:02  , 26.40, 49.50, 0.12, 61.28
13:32:06  , 26.40, 49.40, 0.16, 57.00
13:32:10  , 26.40, 49.40, 0.17, 51.61
13:32:14  , 26.40, 49.30, 0.15, 62.76
13:32:18  , 26.40, 49.20, 0.13, 54.26
13:32:22  , 26.40, 49.20, 0.14, 57.00
13:32:26  , 26.40, 49.10, 0.20, 54.26
13:32:30  , 26.40, 49.10, 0.12, 68.91
13:32:34  , 26.30, 49.20, 0.17, 61.28
13:32:38  , 26.30, 49.20, 0.13, 75.45
13:32:42  , 26.30, 49.20, 0.17, 40.78
13:32:46  , 26.30, 49.30, 0.12, 57.00
13:32:50  , 26.30, 49.30, 0.16, 40.78
13:32:54  , 26.30, 49.20, 0.15, 40.78
13:32:58  , 26.40, 49.20, 0.13, 52.92
13:33:02  , 26.40, 49.20, 0.08, 54.26
13:33:06  , 26.40, 49.30, 0.15, 64.26
13:33:10  , 26.40, 49.30, 0.11, 54.26
13:33:14  , 26.40, 49.30, 0.14, 49.05
13:33:18  , 26.40, 49.30, 0.13, 58.40
13:33:22  , 26.40, 49.20, 0.12, 43.03
13:33:26  , 26.40, 49.20, 0.16, 40.78
13:33:30  , 26.40, 49.10, 0.12, 57.00
13:33:34  , 26.40, 49.20, 0.15, 51.61
13:33:38  , 26.40, 49.20, 0.14, 54.26
13:33:42  , 26.50, 49.20, 0.13, 47.80
13:33:46  , 26.40, 49.40, 0.17, 52.92
13:33:50  , 26.40, 49.30, 0.13, 54.26
13:33:54  , 26.40, 49.20, 0.11, 55.62
13:33:58  , 26.40, 49.20, 0.12, 61.28
13:34:02  , 26.40, 49.20, 0.13, 61.28
13:34:06  , 26.40, 49.20, 0.08, 46.58
13:34:10  , 26.50, 49.10, 0.19, 67.33
13:34:14  , 26.50, 49.00, 0.17, 77.16
13:34:18  , 26.50, 48.90, 0.14, 47.80
13:34:22  , 26.40, 49.10, 0.18, 57.00
13:34:26  , 26.50, 49.30, 0.15, 67.33
13:34:30  , 26.40, 49.40, 0.14, 64.26
13:34:34  , 26.40, 49.40, 0.16, 61.28
13:34:39  , 26.40, 49.40, 0.14, 41.89
13:34:43  , 26.40, 49.40, 0.12, 58.40
13:34:47  , 26.40, 49.30, 0.09, 54.26
13:34:51  , 26.40, 49.30, 0.16, 68.91
13:34:55  , 26.40, 49.20, 0.15, 47.80
13:34:59  , 26.40, 49.10, 0.13, 51.61
13:35:03  , 26.40, 49.10, 0.13, 54.26
13:35:07  , 26.50, 49.00, 0.10, 54.26
13:35:11  , 26.50, 49.00, 0.17, 73.78
13:35:15  , 26.50, 49.00, 0.17, 57.00
13:35:19  , 26.50, 49.00, 0.19, 57.00
13:35:23  , 26.50, 48.90, 0.12, 44.19
13:35:27  , 26.60, 48.90, 0.16, 57.00
13:35:31  , 26.60, 48.90, 0.10, 58.40
13:35:35  , 26.60, 48.90, 0.16, 54.26
13:35:39  , 26.60, 48.90, 0.14, 58.40
13:35:43  , 26.60, 48.90, 0.16, 46.58
13:35:47  , 26.60, 48.90, 0.14, 65.78
13:35:51  , 26.60, 48.90, 0.20, 40.78
13:35:55  , 26.50, 48.90, 0.12, 86.06
13:35:59  , 26.50, 48.90, 0.16, 46.58
13:36:03  , 26.50, 48.70, 0.14, 51.61
13:36:07  , 26.50, 48.80, 0.15, 72.13
13:36:11  , 26.50, 49.00, 0.12, 70.51
13:36:15  , 26.50, 49.10, 0.14, 61.28
13:36:19  , 26.50, 49.20, 0.16, 87.92
13:36:23  , 26.50, 49.20, 0.16, 61.28
13:36:27  , 26.50, 49.20, 0.17, 59.83
13:36:31  , 26.50, 49.10, 0.05, 45.38
13:36:35  , 26.40, 49.20, 0.12, 55.62
13:36:39  , 26.40, 49.10, 0.15, 51.61
13:36:43  , 26.40, 49.10, 0.14, 54.26
13:36:47  , 26.40, 49.10, 0.17, 46.58
13:36:51  , 26.40, 49.00, 0.16, 78.88
13:36:55  , 26.40, 49.00, 0.15, 52.92
13:36:59  , 26.40, 48.80, 0.19, 49.05
13:37:03  , 26.40, 49.00, 0.16, 52.92
13:37:07  , 26.40, 49.10, 0.17, 47.80
13:37:11  , 26.40, 49.30, 0.13, 58.40
13:37:15  , 26.40, 49.30, 0.14, 61.28
13:37:20  , 26.40, 49.40, 0.12, 44.19
13:37:24  , 26.40, 49.40, 0.12, 59.83
13:37:28  , 26.40, 49.40, 0.17, 64.26
13:37:32  , 26.40, 49.40, 0.13, 67.33
13:37:36  , 26.30, 49.70, 0.15, 61.28
13:37:40  , 26.30, 49.80, 0.16, 41.89
13:37:44  , 26.30, 49.80, 0.10, 77.16
13:37:48  , 26.30, 49.70, 0.16, 57.00
13:37:52  , 26.30, 49.60, 0.16, 51.61
13:37:56  , 26.30, 49.60, 0.15, 70.51
13:38:00  , 26.30, 49.80, 0.16, 54.26
13:38:04  , 26.30, 49.80, 0.19, 75.45
13:38:08  , 26.30, 49.80, 0.12, 51.61
13:38:12  , 26.30, 49.70, 0.12, 68.91
13:38:16  , 26.30, 49.70, 0.13, 58.40
13:38:20  , 26.30, 49.60, 0.24, 67.33
13:38:24  , 26.30, 49.70, 0.14, 64.26
13:38:28  , 26.30, 49.80, 0.15, 46.58
13:38:32  , 26.30, 49.80, 0.12, 64.26
13:38:36  , 26.30, 49.80, 0.16, 62.76
13:38:40  , 26.30, 49.80, 0.15, 59.83
13:38:44  , 26.30, 49.60, 0.16, 68.91
13:38:48  , 26.30, 49.60, 0.13, 57.00
13:38:52  , 26.30, 49.60, 0.13, 55.62
13:38:56  , 26.30, 49.50, 0.14, 67.33
13:39:00  , 26.30, 49.50, 0.13, 54.26
13:39:04  , 26.30, 49.40, 0.13, 54.26
13:39:08  , 26.40, 49.40, 0.17, 61.28
13:39:12  , 26.40, 49.20, 0.16, 52.92
13:39:16  , 26.40, 49.10, 0.15, 51.61
13:39:20  , 26.40, 49.10, 0.12, 62.76
13:39:24  , 26.40, 49.00, 0.12, 61.28
13:39:28  , 26.40, 49.00, 0.19, 59.83
13:39:32  , 26.40, 49.10, 0.16, 65.78
13:39:36  , 26.30, 49.20, 0.15, 59.83
13:39:40  , 26.30, 49.30, 0.15, 61.28
13:39:44  , 26.30, 49.50, 0.15, 57.00
13:39:48  , 26.30, 49.40, 0.13, 49.05
13:39:52  , 26.30, 49.40, 0.17, 91.72
13:39:56  , 26.30, 49.40, 0.16, 54.26
13:40:01  , 26.30, 49.50, 0.14, 68.91
13:40:05  , 26.30, 49.60, 0.09, 67.33
13:40:09  , 26.40, 49.60, 0.14, 64.26
13:40:13  , 26.40, 49.50, 0.12, 55.62
13:40:17  , 26.40, 49.40, 0.25, 61.28
13:40:21  , 26.40, 49.20, 0.15, 70.51
13:40:25  , 26.40, 49.20, 0.15, 52.92
13:40:29  , 26.40, 49.20, 0.20, 61.28
13:40:33  , 26.40, 49.30, 0.12, 62.76
13:40:37  , 26.40, 49.40, 0.17, 61.28
13:40:41  , 26.40, 49.50, 0.16, 75.45
13:40:45  , 26.30, 49.50, 0.15, 64.26
13:40:49  , 26.30, 49.50, 0.15, 61.28
13:40:53  , 26.30, 49.60, 0.23, 64.26
13:40:57  , 26.30, 49.60, 0.20, 61.28
13:41:01  , 26.30, 49.60, 0.12, 46.58
13:41:05  , 26.30, 49.40, 0.12, 58.40
13:41:09  , 26.30, 49.30, 0.12, 67.33
13:41:13  , 26.30, 49.30, 0.14, 49.05
13:41:17  , 26.30, 49.30, 0.14, 95.63
13:41:21  , 26.30, 49.50, 0.13, 67.33
13:41:25  , 26.30, 49.60, 0.12, 68.91
13:41:29  , 26.20, 49.70, 0.14, 65.78
13:41:33  , 26.20, 49.60, 0.12, 84.22
13:41:37  , 26.20, 49.70, 0.13, 68.91
13:41:41  , 26.20, 49.90, 0.16, 80.64
13:41:45  , 26.20, 49.90, 0.15, 61.28
13:41:49  , 26.20, 49.90, 0.15, 87.92
13:41:53  , 26.20, 49.80, 0.15, 61.28
13:41:57  , 26.20, 49.70, 0.17, 75.45
13:42:01  , 26.20, 49.60, 0.15, 61.28
13:42:05  , 26.30, 49.50, 0.12, 77.16
13:42:09  , 26.30, 49.40, 0.12, 101.72
13:42:13  , 26.30, 49.30, 0.18, 65.78
13:42:17  , 26.30, 49.30, 0.17, 65.78
13:42:21  , 26.30, 49.30, 0.16, 61.28
13:42:25  , 26.40, 49.30, 0.17, 61.28
13:42:29  , 26.40, 49.40, 0.18, 62.76
13:42:33  , 26.40, 49.40, 0.20, 65.78
13:42:37  , 26.40, 49.40, 0.15, 57.00
13:42:42  , 26.40, 49.40, 0.12, 68.91
13:42:46  , 26.40, 49.40, 0.18, 62.76
13:42:50  , 26.40, 49.40, 0.18, 86.06
13:42:54  , 26.40, 49.90, 0.14, 64.26
13:42:58  , 26.40, 50.10, 0.20, 62.76
13:43:02  , 26.40, 50.10, 0.15, 65.78
13:43:06  , 26.40, 49.80, 0.16, 70.51
13:43:10  , 26.40, 49.60, 0.15, 62.76
13:43:14  , 26.40, 49.40, 0.15, 62.76
13:43:18  , 26.40, 49.50, 0.15, 70.51
13:43:22  , 26.40, 49.60, 0.18, 40.78
13:43:26  , 26.40, 49.60, 0.17, 61.28
13:43:30  , 26.40, 49.60, 0.12, 87.92
13:43:34  , 26.40, 49.50, 0.16, 86.06
13:43:38  , 26.40, 49.40, 0.20, 57.00
13:43:42  , 26.40, 49.40, 0.15, 86.06
13:43:46  , 26.40, 49.40, 0.17, 65.78
13:43:50  , 26.40, 49.40, 0.18, 65.78
13:43:54  , 26.40, 49.40, 0.11, 84.22
13:43:58  , 26.40, 49.40, 0.14, 84.22
13:44:02  , 26.50, 49.20, 0.15, 82.42
13:44:06  , 26.50, 49.20, 0.14, 78.88
13:44:10  , 26.50, 49.10, 0.17, 87.92
13:44:14  , 26.50, 49.10, 0.17, 72.13
13:44:18  , 26.50, 49.00, 0.14, 64.26
13:44:22  , 26.50, 49.00, 0.17, 87.92
13:44:26  , 26.50, 49.10, 0.16, 87.92
13:44:30  , 26.50, 49.40, 0.18, 62.76
13:44:34  , 26.60, 49.50, 0.16, 70.51
13:44:38  , 26.50, 49.60, 0.20, 87.92
13:44:42  , 26.50, 49.70, 0.15, 84.22
13:44:46  , 26.50, 49.60, 0.15, 61.28
13:44:50  , 26.50, 49.50, 0.15, 77.16
13:44:54  , 26.50, 49.60, 0.19, 89.80
13:44:58  , 26.50, 49.60, 0.16, 87.92
13:45:02  , 26.50, 49.50, 0.16, 75.45
13:45:06  , 26.40, 49.50, 0.13, 89.80
13:45:10  , 26.40, 49.40, 0.18, 72.13
13:45:14  , 26.40, 49.40, 0.15, 77.16
13:45:18  , 26.40, 49.30, 0.15, 73.78
13:45:23  , 26.40, 49.30, 0.17, 70.51
13:45:27  , 26.40, 49.40, 0.18, 52.92
13:45:31  , 26.40, 49.30, 0.16, 61.28
13:45:35  , 26.40, 49.20, 0.15, 62.76
13:45:39  , 26.40, 49.20, 0.16, 78.88
13:45:43  , 26.40, 49.20, 0.17, 75.45
13:45:47  , 26.40, 49.30, 0.15, 61.28
13:45:51  , 26.40, 49.50, 0.14, 87.92
13:45:55  , 26.40, 49.60, 0.12, 64.26
13:45:59  , 26.40, 49.70, 0.17, 68.91
13:46:03  , 26.40, 49.80, 0.19, 65.78
13:46:07  , 26.40, 49.80, 0.19, 62.76
13:46:11  , 26.40, 49.70, 0.14, 68.91
13:46:15  , 26.40, 49.60, 0.17, 54.26
13:46:19  , 26.40, 49.60, 0.10, 78.88
13:46:23  , 26.40, 49.60, 0.20, 61.28
13:46:27  , 26.40, 49.50, 0.08, 61.28
13:46:31  , 26.40, 49.40, 0.15, 61.28
13:46:35  , 26.40, 49.40, 0.13, 70.51
13:46:39  , 26.30, 49.40, 0.11, 62.76
13:46:43  , 26.30, 49.40, 0.11, 68.91
13:46:47  , 26.30, 49.40, 0.10, 87.92
13:46:51  , 26.30, 49.40, 0.14, 61.28
13:46:55  , 26.20, 49.40, 0.13, 67.33
13:46:59  , 26.20, 49.40, 0.20, 68.91
13:47:03  , 26.20, 49.40, 0.16, 58.40
13:47:07  , 26.20, 49.50, 0.14, 87.92
13:47:11  , 26.20, 49.50, 0.19, 61.28
13:47:15  , 26.20, 49.50, 0.17, 61.28
13:47:19  , 26.10, 49.50, 0.08, 75.45
13:47:23  , 26.10, 49.50, 0.13, 77.16
13:47:27  , 26.10, 49.50, 0.16, 78.88
13:47:31  , 26.10, 49.60, 0.14, 84.22
13:47:35  , 26.10, 49.60, 0.14, 72.13
13:47:39  , 26.10, 49.60, 0.16, 68.91
13:47:43  , 26.10, 49.70, 0.12, 82.42
13:47:47  , 26.00, 49.70, 0.15, 78.88
13:47:51  , 26.00, 49.80, 0.14, 57.00
13:47:55  , 26.00, 49.80, 0.17, 82.42
13:47:59  , 26.00, 49.80, 0.10, 62.76
13:48:04  , 26.00, 49.80, 0.17, 70.51
13:48:08  , 26.00, 49.90, 0.12, 59.83
13:48:12  , 25.90, 50.00, 0.14, 84.22
13:48:16  , 25.90, 50.00, 0.15, 59.83
13:48:20  , 25.90, 50.00, 0.19, 82.42
13:48:24  , 25.90, 50.00, 0.12, 64.26
13:48:28  , 25.90, 50.00, 0.16, 65.78
13:48:32  , 26.00, 49.90, 0.17, 65.78
13:48:36  , 26.00, 50.00, 0.13, 70.51
13:48:40  , 26.00, 50.00, 0.19, 70.51
13:48:44  , 26.00, 50.00, 0.09, 77.16
13:48:48  , 26.00, 50.00, 0.12, 70.51
13:48:52  , 26.00, 50.00, 0.12, 59.83
13:48:56  , 26.00, 50.00, 0.12, 61.28
13:49:00  , 25.90, 50.10, 0.13, 61.28
13:49:04  , 25.90, 50.10, 0.12, 82.42
13:49:08  , 25.90, 50.10, 0.16, 70.51
13:49:12  , 25.90, 50.20, 0.18, 77.16
13:49:16  , 25.80, 50.20, 0.15, 61.28
13:49:20  , 25.80, 50.20, 0.16, 72.13
13:49:24  , 25.80, 50.20, 0.10, 75.45
13:49:28  , 25.70, 50.40, 0.17, 62.76
13:49:32  , 25.60, 50.40, 0.17, 47.80
13:49:36  , 25.60, 50.40, 0.13, 59.83
13:49:40  , 25.50, 50.50, 0.15, 61.28
13:49:44  , 25.50, 50.60, 0.20, 77.16
13:49:48  , 25.50, 50.60, 0.15, 84.22
13:49:52  , 25.50, 50.60, 0.18, 78.88
13:49:56  , 25.50, 50.60, 0.16, 62.76
13:50:00  , 25.50, 50.60, 0.16, 68.91
13:50:04  , 25.50, 50.60, 0.15, 70.51
13:50:08  , 25.50, 50.60, 0.17, 61.28
13:50:12  , 25.50, 50.60, 0.12, 64.26
13:50:16  , 25.50, 50.60, 0.13, 82.42
13:50:20  , 25.50, 50.60, 0.18, 68.91
13:50:24  , 25.50, 50.70, 0.13, 77.16
13:50:28  , 25.50, 50.70, 0.14, 72.13
13:50:32  , 25.50, 50.70, 0.12, 70.51
13:50:36  , 25.50, 50.70, 0.12, 55.62
13:50:40  , 25.50, 50.70, 0.14, 80.64
13:50:45  , 25.50, 50.80, 0.18, 57.00
13:50:49  , 25.50, 50.80, 0.10, 84.22
13:50:53  , 25.50, 50.80, 0.15, 51.61
13:50:57  , 25.50, 50.80, 0.12, 62.76
13:51:01  , 25.50, 50.80, 0.16, 65.78
13:51:05  , 25.50, 50.90, 0.18, 87.92
13:51:09  , 25.50, 50.90, 0.16, 70.51
13:51:13  , 25.50, 50.90, 0.13, 80.64
13:51:17  , 25.50, 51.00, 0.12, 62.76
13:51:21  , 25.40, 51.10, 0.12, 77.16
13:51:25  , 25.40, 51.10, 0.17, 70.51
13:51:29  , 25.40, 51.10, 0.17, 58.40
13:51:33  , 25.40, 51.10, 0.15, 61.28
13:51:37  , 25.40, 51.10, 0.17, 59.83
13:51:41  , 25.40, 51.10, 0.19, 72.13
13:51:45  , 25.40, 51.10, 0.12, 64.26
13:51:49  , 25.40, 51.10, 0.17, 62.76
13:51:53  , 25.30, 51.10, 0.16, 68.91
13:51:57  , 25.30, 51.20, 0.30, 59.83
13:52:01  , 25.30, 51.20, 0.12, 72.13
13:52:05  , 25.30, 51.20, 0.10, 61.28
13:52:09  , 25.30, 51.30, 0.35, 62.76
13:52:13  , 25.20, 51.40, 0.15, 72.13
13:52:17  , 25.30, 51.30, 0.13, 57.00
13:52:21  , 25.20, 51.50, 0.15, 72.13
13:52:25  , 25.20, 51.50, 0.12, 64.26
13:52:29  , 25.20, 51.50, 0.15, 67.33
13:52:33  , 25.20, 51.50, 0.15, 64.26
13:52:37  , 25.20, 51.60, 0.18, 73.78
13:52:41  , 25.20, 51.70, 0.12, 55.62
13:52:45  , 25.20, 51.90, 0.15, 58.40
13:52:49  , 25.20, 51.90, 0.11, 70.51
13:52:53  , 25.20, 52.00, 0.12, 82.42
13:52:57  , 25.20, 52.00, 0.15, 73.78
13:53:01  , 25.20, 52.10, 0.17, 65.78
13:53:05  , 25.20, 52.20, 0.15, 87.92
13:53:09  , 25.30, 52.20, 0.16, 62.76
13:53:13  , 25.30, 52.20, 0.15, 82.42
13:53:17  , 25.30, 52.30, 0.14, 78.88
13:53:21  , 25.30, 52.30, 0.17, 75.45
13:53:26  , 25.30, 52.20, 0.11, 73.78
13:53:30  , 25.30, 52.30, 0.12, 64.26
13:53:34  , 25.30, 52.20, 0.14, 68.91
13:53:38  , 25.30, 52.20, 0.19, 64.26
13:53:42  , 25.30, 52.20, 0.18, 61.28
13:53:46  , 25.30, 52.10, 0.13, 72.13
13:53:50  , 25.30, 52.00, 0.16, 64.26
13:53:54  , 25.40, 52.00, 0.15, 78.88
13:53:58  , 25.40, 52.00, 0.12, 73.78
13:54:02  , 25.40, 52.00, 0.15, 77.16
13:54:06  , 25.40, 52.10, 0.30, 68.91
13:54:10  , 25.40, 52.20, 0.17, 65.78
13:54:14  , 25.50, 52.00, 0.14, 58.40
13:54:18  , 25.50, 52.00, 0.20, 61.28
13:54:22  , 25.50, 52.00, 0.18, 75.45
13:54:26  , 25.50, 51.90, 0.13, 78.88
13:54:30  , 25.50, 51.90, 0.14, 67.33
13:54:34  , 25.50, 51.90, 0.10, 86.06
13:54:38  , 25.50, 52.00, 0.13, 87.92
13:54:42  , 25.50, 52.00, 0.19, 61.28
13:54:46  , 25.50, 51.90, 0.16, 57.00
13:54:50  , 25.50, 51.90, 0.19, 75.45
13:54:54  , 25.60, 51.80, 0.17, 87.92
13:54:58  , 25.60, 51.80, 0.12, 84.22
13:55:02  , 25.60, 51.70, 0.12, 93.66
13:55:06  , 25.60, 51.70, 0.13, 82.42
13:55:10  , 25.60, 51.70, 0.16, 87.92
13:55:14  , 25.60, 51.70, 0.18, 72.13
13:55:18  , 25.70, 51.70, 0.15, 77.16
13:55:22  , 25.70, 51.60, 0.15, 82.42
13:55:26  , 25.70, 51.50, 0.15, 87.92
13:55:30  , 25.70, 51.50, 0.12, 86.06
13:55:34  , 25.80, 51.40, 0.14, 87.92
13:55:38  , 25.80, 51.40, 0.12, 82.42
13:55:42  , 25.80, 51.40, 0.13, 87.92
13:55:46  , 25.80, 51.30, 0.18, 87.92
13:55:50  , 25.80, 51.20, 0.14, 82.42
13:55:54  , 25.80, 51.20, 0.15, 61.28
13:55:58  , 25.80, 51.20, 0.13, 77.16
13:56:02  , 25.80, 51.10, 0.20, 93.66
13:56:07  , 25.90, 51.10, 0.12, 77.16
13:56:11  , 25.90, 51.10, 0.19, 61.28
13:56:15  , 25.90, 50.90, 0.17, 65.78
13:56:19  , 25.90, 50.90, 0.12, 67.33
13:56:23  , 26.00, 50.70, 0.12, 72.13
13:56:27  , 26.00, 50.60, 0.14, 70.51
13:56:31  , 26.00, 50.60, 0.16, 43.03
13:56:35  , 26.00, 50.70, 0.15, 93.66
13:56:39  , 26.10, 50.70, 0.13, 72.13
13:56:43  , 26.10, 50.70, 0.19, 75.45
13:56:47  , 26.10, 50.70, 0.15, 87.92
13:56:51  , 26.10, 50.70, 0.15, 80.64
13:56:55  , 26.10, 50.60, 0.12, 93.66
13:56:59  , 26.10, 50.60, 0.15, 87.92
13:57:03  , 26.10, 50.60, 0.20, 91.72
13:57:07  , 26.10, 50.60, 0.16, 87.92
13:57:11  , 26.10, 50.60, 0.14, 91.72
13:57:15  , 26.10, 50.60, 0.16, 78.88
13:57:19  , 26.20, 50.60, 0.13, 93.66
13:57:23  , 26.20, 50.60, 0.16, 89.80
13:57:27  , 26.20, 50.50, 0.15, 112.45
13:57:31  , 26.20, 50.40, 0.16, 91.72
13:57:35  , 26.20, 50.30, 0.15, 78.88
13:57:39  , 26.20, 50.20, 0.11, 68.91
13:57:43  , 26.20, 50.20, 0.19, 101.72
13:57:47  , 26.20, 50.10, 0.19, 87.92
13:57:51  , 26.30, 50.10, 0.17, 87.92
13:57:55  , 26.30, 50.30, 0.19, 87.92
13:57:59  , 26.30, 50.30, 0.17, 91.72
13:58:03  , 26.30, 50.30, 0.14, 114.68
13:58:07  , 26.30, 50.10, 0.14, 97.63
13:58:11  , 26.30, 50.10, 0.13, 99.66
13:58:15  , 26.30, 50.10, 0.15, 105.92
13:58:19  , 26.30, 50.10, 0.15, 89.80
13:58:23  , 26.30, 50.10, 0.15, 93.66
13:58:27  , 26.20, 50.20, 0.14, 75.45
13:58:31  , 26.20, 50.20, 0.20, 110.24
13:58:35  , 26.20, 50.10, 0.15, 87.92
13:58:39  , 26.20, 50.00, 0.16, 87.92
13:58:43  , 26.20, 49.90, 0.17, 89.80
13:58:48  , 26.10, 49.80, 0.18, 87.92
13:58:52  , 26.10, 49.80, 0.16, 87.92
13:58:56  , 26.10, 49.80, 0.16, 86.06
13:59:00  , 26.10, 49.80, 0.20, 87.92
13:59:04  , 26.10, 49.90, 0.14, 91.72
13:59:08  , 26.10, 49.90, 0.19, 82.42
13:59:12  , 26.10, 49.90, 0.12, 99.66
13:59:16  , 26.10, 49.90, 0.20, 95.63
13:59:20  , 26.10, 49.90, 0.17, 87.92
13:59:24  , 26.10, 49.90, 0.16, 108.07
13:59:28  , 26.10, 50.00, 0.16, 89.80
13:59:32  , 26.10, 50.10, 0.16, 136.19
13:59:36  , 26.10, 50.10, 0.16, 97.63
13:59:40  , 26.10, 50.10, 0.14, 99.66
13:59:44  , 26.10, 50.00, 0.16, 91.72
13:59:48  , 26.10, 50.00, 0.15, 87.92
13:59:52  , 26.10, 50.20, 0.17, 110.24
13:59:56  , 26.10, 50.40, 0.14, 116.95
14:00:00  , 26.10, 50.30, 0.15, 89.80
14:00:04  , 26.10, 50.20, 0.17, 112.45
14:00:08  , 26.10, 50.10, 0.16, 87.92
14:00:12  , 26.20, 50.10, 0.13, 86.06
14:00:16  , 26.20, 50.10, 0.16, 87.92
14:00:20  , 26.20, 50.10, 0.19, 89.80
14:00:24  , 26.20, 50.10, 0.23, 91.72
14:00:28  , 26.20, 50.00, 0.18, 93.66
14:00:32  , 26.20, 49.90, 0.18, 87.92
14:00:36  , 26.20, 49.90, 0.14, 87.92
14:00:40  , 26.20, 49.80, 0.15, 108.07
14:00:44  , 26.20, 49.80, 0.14, 87.92
14:00:48  , 26.20, 49.80, 0.20, 97.63
14:00:52  , 26.20, 49.80, 0.16, 82.42
14:00:56  , 26.30, 49.70, 0.16, 87.92
14:01:00  , 26.30, 49.70, 0.13, 103.81
14:01:04  , 26.30, 49.70, 0.15, 101.72
14:01:08  , 26.30, 49.60, 0.12, 116.95
14:01:12  , 26.30, 49.60, 0.15, 99.66
14:01:16  , 26.30, 49.50, 0.20, 108.07
14:01:20  , 26.30, 49.60, 0.17, 87.92
14:01:24  , 26.30, 49.60, 0.16, 105.92
14:01:28  , 26.30, 49.60, 0.18, 160.33
14:01:33  , 26.30, 49.70, 0.16, 89.80
14:01:37  , 26.30, 49.70, 0.19, 93.66
14:01:41  , 26.30, 49.70, 0.12, 87.92
14:01:45  , 26.20, 49.70, 0.16, 123.93
14:01:49  , 26.20, 49.70, 0.16, 110.24
14:01:53  , 26.20, 49.60, 0.18, 82.42
14:01:57  , 26.30, 49.50, 0.12, 89.80
14:02:01  , 26.20, 49.60, 0.13, 116.95
14:02:05  , 26.30, 49.50, 0.18, 101.72
14:02:09  , 26.30, 49.50, 0.20, 101.72
14:02:13  , 26.30, 49.50, 0.19, 87.92
14:02:17  , 26.30, 49.40, 0.13, 87.92
14:02:21  , 26.30, 49.40, 0.13, 123.93
14:02:25  , 26.30, 49.40, 0.14, 87.92
14:02:29  , 26.30, 49.40, 0.24, 110.24
14:02:33  , 26.30, 49.50, 0.12, 119.24
14:02:37  , 26.30, 49.60, 0.19, 114.68
14:02:41  , 26.40, 49.60, 0.13, 61.28
14:02:45  , 26.30, 49.60, 0.20, 70.51
14:02:49  , 26.30, 49.60, 0.16, 110.24
14:02:53  , 26.30, 49.50, 0.16, 87.92
14:02:57  , 26.30, 49.50, 0.17, 99.66
14:03:01  , 26.30, 49.60, 0.15, 87.92
14:03:05  , 26.30, 49.60, 0.16, 91.72
14:03:09  , 26.30, 49.60, 0.15, 112.45
14:03:13  , 26.30, 49.70, 0.16, 87.92
14:03:17  , 26.30, 49.80, 0.14, 110.24
14:03:21  , 26.30, 49.80, 0.17, 123.93
14:03:25  , 26.30, 49.80, 0.20, 84.22
14:03:29  , 26.30, 49.70, 0.13, 86.06
14:03:33  , 26.40, 49.70, 0.17, 114.68
14:03:37  , 26.30, 49.60, 0.12, 78.88
14:03:41  , 26.40, 49.50, 0.15, 87.92
14:03:45  , 26.40, 49.50, 0.17, 101.72
14:03:49  , 26.40, 49.60, 0.13, 110.24
14:03:53  , 26.40, 50.00, 0.19, 99.66
14:03:57  , 26.40, 50.10, 0.19, 91.72
14:04:01  , 26.40, 49.90, 0.13, 87.92
14:04:05  , 26.40, 49.80, 0.19, 110.24
14:04:09  , 26.40, 49.70, 0.12, 119.24
14:04:14  , 26.40, 49.60, 0.07, 121.57
14:04:18  , 26.40, 49.70, 0.16, 108.07
14:04:22  , 26.40, 49.80, 0.15, 97.63
14:04:26  , 26.40, 49.70, 0.17, 86.06
14:04:30  , 26.40, 49.70, 0.09, 91.72
14:04:34  , 26.40, 49.60, 0.18, 89.80
14:04:38  , 26.40, 49.60, 0.17, 87.92
14:04:42  , 26.40, 49.50, 0.16, 99.66
14:04:46  , 26.40, 49.40, 0.20, 87.92
14:04:50  , 26.40, 49.30, 0.15, 121.57
14:04:54  , 26.40, 49.30, 0.20, 157.51
14:04:58  , 26.40, 49.40, 0.20, 72.13
14:05:02  , 26.40, 49.50, 0.21, 123.93
14:05:06  , 26.40, 49.60, 0.16, 123.93
14:05:10  , 26.40, 49.50, 0.17, 93.66
14:05:14  , 26.40, 49.50, 0.17, 119.24
14:05:18  , 26.40, 49.40, 0.20, 89.80
14:05:22  , 26.40, 49.30, 0.14, 87.92
14:05:26  , 26.40, 49.30, 0.17, 126.32
14:05:30  , 26.40, 49.30, 0.17, 133.67
14:05:34  , 26.40, 49.30, 0.19, 121.57
14:05:38  , 26.40, 49.40, 0.16, 128.74
14:05:42  , 26.40, 49.40, 0.17, 123.93
14:05:46  , 26.40, 49.40, 0.19, 146.58
14:05:50  , 26.40, 49.50, 0.17, 146.58
14:05:54  , 26.30, 49.60, 0.17, 121.57
14:05:58  , 26.30, 49.80, 0.24, 112.45
14:06:02  , 26.30, 49.70, 0.17, 123.93
14:06:06  , 26.30, 49.60, 0.18, 146.58
14:06:10  , 26.30, 49.50, 0.20, 128.74
14:06:14  , 26.30, 49.40, 0.18, 121.57
14:06:18  , 26.30, 49.30, 0.19, 151.98
14:06:22  , 26.30, 49.20, 0.20, 163.18
14:06:26  , 26.30, 49.20, 0.20, 136.19
14:06:30  , 26.30, 49.30, 0.20, 86.06
14:06:34  , 26.30, 49.20, 0.16, 136.19
14:06:38  , 26.30, 49.20, 0.17, 146.58
14:06:42  , 26.30, 49.20, 0.11, 133.67
14:06:46  , 26.40, 49.20, 0.12, 166.07
14:06:50  , 26.40, 49.20, 0.16, 206.89
14:06:55  , 26.40, 49.20, 0.16, 190.45
14:06:59  , 26.40, 49.20, 0.14, 258.12
14:07:03  , 26.40, 49.20, 0.14, 231.52
14:07:07  , 26.40, 49.10, 0.15, 220.73
14:07:11  , 26.40, 49.10, 0.15, 295.35
14:07:15  , 26.40, 49.10, 0.12, 278.37
14:07:19  , 26.40, 49.10, 0.16, 295.35
14:07:23  , 26.40, 49.10, 0.15, 317.57
14:07:27  , 26.40, 49.10, 0.13, 231.52
14:07:31  , 26.40, 49.20, 0.18, 370.53
14:07:35  , 26.40, 49.10, 0.16, 396.53
14:07:39  , 26.40, 49.30, 0.18, 396.53
14:07:43  , 26.40, 49.40, 0.18, 412.73
14:07:47  , 26.40, 49.30, 0.20, 345.75
14:07:51  , 26.40, 49.20, 0.13, 355.52
14:07:55  , 26.50, 49.10, 0.21, 322.15
14:07:59  , 26.50, 49.10, 0.20, 286.77
14:08:03  , 26.50, 49.10, 0.19, 304.10
14:08:07  , 26.50, 49.10, 0.18, 355.52
14:08:11  , 26.50, 49.00, 0.16, 299.70
14:08:15  , 26.50, 48.90, 0.19, 365.48
14:08:19  , 26.50, 48.90, 0.17, 295.35
14:08:23  , 26.50, 48.90, 0.16, 345.75
14:08:27  , 26.50, 48.90, 0.18, 313.04
14:08:31  , 26.50, 48.80, 0.20, 317.57
14:08:35  , 26.50, 48.80, 0.19, 313.04
14:08:39  , 26.50, 48.70, 0.18, 304.10
14:08:43  , 26.50, 48.70, 0.12, 313.04
14:08:47  , 26.50, 48.70, 0.16, 286.77
14:08:51  , 26.50, 48.70, 0.17, 331.45
14:08:55  , 26.50, 48.80, 0.17, 286.77
14:08:59  , 26.40, 49.00, 0.15, 295.35
14:09:03  , 26.40, 49.00, 0.30, 286.77
14:09:07  , 26.40, 49.10, 0.17, 313.04
14:09:11  , 26.40, 49.10, 0.17, 340.94
14:09:15  , 26.40, 49.00, 0.19, 326.78
14:09:19  , 26.40, 49.00, 0.16, 336.17
14:09:23  , 26.40, 49.00, 0.19, 317.57
14:09:27  , 26.40, 49.00, 0.14, 322.15
14:09:31  , 26.40, 49.00, 0.15, 317.57
14:09:36  , 26.40, 49.00, 0.19, 313.04
14:09:40  , 26.40, 49.10, 0.20, 345.75
14:09:44  , 26.40, 49.20, 0.16, 380.78
14:09:48  , 26.40, 49.40, 0.20, 418.23
14:09:52  , 26.40, 49.50, 0.17, 340.94
14:09:56  , 26.40, 49.40, 0.16, 355.52
14:10:00  , 26.40, 49.20, 0.20, 355.52
14:10:04  , 26.30, 49.10, 0.19, 322.15
14:10:08  , 26.30, 49.10, 0.16, 331.45
14:10:12  , 26.30, 49.10, 0.15, 375.63
14:10:16  , 26.30, 49.10, 0.17, 350.61
14:10:20  , 26.30, 49.10, 0.16, 317.57
14:10:24  , 26.30, 49.10, 0.19, 295.35
14:10:28  , 26.30, 49.10, 0.17, 282.55
14:10:32  , 26.30, 49.10, 0.20, 278.37
14:10:36  , 26.30, 49.10, 0.19, 299.70
14:10:40  , 26.30, 49.00, 0.16, 282.55
14:10:44  , 26.30, 49.00, 0.19, 322.15
14:10:48  , 26.30, 49.10, 0.20, 355.52
14:10:52  , 26.30, 49.20, 0.16, 304.10
14:10:56  , 26.30, 49.10, 0.19, 322.15
14:11:00  , 26.30, 49.10, 0.17, 270.14
14:11:04  , 26.30, 49.00, 0.17, 322.15
14:11:08  , 26.30, 49.00, 0.19, 350.61
14:11:12  , 26.30, 49.00, 0.16, 313.04
14:11:16  , 26.30, 49.00, 0.17, 308.55
14:11:20  , 26.30, 49.10, 0.17, 308.55
14:11:24  , 26.30, 49.10, 0.16, 313.04
14:11:28  , 26.30, 49.00, 0.20, 326.78
14:11:32  , 26.30, 49.00, 0.20, 336.17
14:11:36  , 26.40, 49.00, 0.19, 365.48
14:11:40  , 26.30, 49.00, 0.19, 336.17
14:11:44  , 26.30, 49.00, 0.14, 331.45
14:11:48  , 26.30, 49.10, 0.15, 375.63
14:11:52  , 26.30, 49.10, 0.20, 308.55
14:11:56  , 26.30, 49.10, 0.16, 317.57
14:12:00  , 26.30, 49.10, 0.20, 304.10
14:12:04  , 26.30, 49.10, 0.14, 355.52
14:12:08  , 26.30, 49.00, 0.21, 345.75
14:12:12  , 26.30, 49.00, 0.09, 370.53
14:12:17  , 26.30, 49.00, 0.18, 331.45
14:12:21  , 26.30, 49.00, 0.19, 331.45
14:12:25  , 26.30, 48.80, 0.17, 331.45
14:12:29  , 26.30, 49.00, 0.16, 391.23
14:12:33  , 26.30, 49.10, 0.15, 391.23
14:12:37  , 26.30, 49.10, 0.14, 331.45
14:12:41  , 26.30, 49.10, 0.16, 370.53
14:12:45  , 26.30, 49.20, 0.21, 401.88
14:12:49  , 26.30, 49.20, 0.15, 326.78
14:12:53  , 26.30, 49.20, 0.20, 350.61
14:12:57  , 26.30, 49.20, 0.20, 391.23
14:13:01  , 26.30, 49.10, 0.21, 360.48
14:13:05  , 26.30, 49.00, 0.15, 380.78
14:13:09  , 26.30, 49.00, 0.16, 355.52
14:13:13  , 26.30, 49.00, 0.17, 313.04
14:13:17  , 26.30, 48.90, 0.14, 340.94
14:13:21  , 26.30, 48.80, 0.18, 350.61
14:13:25  , 26.30, 48.80, 0.16, 340.94
14:13:29  , 26.30, 48.80, 0.16, 360.48
14:13:33  , 26.30, 48.80, 0.20, 396.53
14:13:37  , 26.30, 48.80, 0.18, 360.48
14:13:41  , 26.30, 48.80, 0.21, 317.57
14:13:45  , 26.30, 49.00, 0.23, 340.94
14:13:49  , 26.30, 49.00, 0.21, 360.48
14:13:53  , 26.30, 49.00, 0.19, 375.63
14:13:57  , 26.30, 49.00, 0.12, 418.23
14:14:01  , 26.30, 49.00, 0.15, 401.88
14:14:05  , 26.30, 49.00, 0.15, 350.61
14:14:09  , 26.30, 49.00, 0.16, 370.53
14:14:13  , 26.40, 49.00, 0.17, 370.53
14:14:17  , 26.40, 49.00, 0.08, 401.88
14:14:21  , 26.40, 49.00, 0.15, 412.73
14:14:25  , 26.40, 49.30, 0.21, 380.78
14:14:29  , 26.40, 49.30, 0.16, 401.88
14:14:33  , 26.30, 49.30, 0.20, 401.88
14:14:37  , 26.30, 49.20, 0.19, 380.78
14:14:41  , 26.30, 49.00, 0.13, 375.63
14:14:45  , 26.30, 49.00, 0.15, 331.45
14:14:49  , 26.30, 48.90, 0.14, 423.78
14:14:53  , 26.30, 48.80, 0.16, 396.53
14:14:58  , 26.30, 48.80, 0.14, 375.63
14:15:02  , 26.30, 48.80, 0.20, 401.88
14:15:06  , 26.30, 48.80, 0.16, 370.53
14:15:10  , 26.30, 48.80, 0.16, 429.38
14:15:14  , 26.30, 48.80, 0.14, 375.63
14:15:18  , 26.30, 48.80, 0.15, 380.78
14:15:22  , 26.30, 48.80, 0.21, 396.53
14:15:26  , 26.30, 48.80, 0.16, 418.23
14:15:30  , 26.40, 49.00, 0.19, 407.28
14:15:34  , 26.30, 49.00, 0.15, 313.04
14:15:38  , 26.40, 48.90, 0.17, 350.61
14:15:42  , 26.40, 48.80, 0.17, 322.15
14:15:46  , 26.40, 48.80, 0.15, 396.53
14:15:50  , 26.40, 49.00, 0.14, 407.28
14:15:54  , 26.40, 49.00, 0.16, 418.23
14:15:58  , 26.40, 49.00, 0.20, 412.73
14:16:02  , 26.40, 49.00, 0.20, 418.23
14:16:06  , 26.40, 49.00, 0.16, 391.23
14:16:10  , 26.40, 49.10, 0.15, 412.73
14:16:14  , 26.40, 49.20, 0.16, 435.04
14:16:18  , 26.40, 49.20, 0.16, 396.53
14:16:22  , 26.40, 49.10, 0.19, 401.88
14:16:26  , 26.40, 49.00, 0.19, 360.48
14:16:30  , 26.40, 48.90, 0.17, 391.23
14:16:34  , 26.40, 48.80, 0.13, 370.53
14:16:38  , 26.40, 49.00, 0.16, 370.53
14:16:42  , 26.40, 49.00, 0.20, 391.23
14:16:46  , 26.40, 48.80, 0.14, 340.94
14:16:50  , 26.40, 48.70, 0.14, 412.73
14:16:54  , 26.40, 48.70, 0.16, 396.53
14:16:58  , 26.40, 48.60, 0.17, 375.63
14:17:02  , 26.40, 48.60, 0.14, 440.75
14:17:06  , 26.40, 48.70, 0.13, 396.53
14:17:10  , 26.40, 48.80, 0.16, 401.88
14:17:14  , 26.40, 48.80, 0.16, 385.98
14:17:18  , 26.40, 49.00, 0.17, 274.24
14:17:22  , 26.40, 49.00, 0.17, 423.78
14:17:26  , 26.40, 49.00, 0.20, 345.75
14:17:30  , 26.40, 48.90, 0.16, 401.88
14:17:34  , 26.40, 49.00, 0.16, 365.48
14:17:39  , 26.30, 48.90, 0.17, 365.48
14:17:43  , 26.30, 48.80, 0.13, 331.45
14:17:47  , 26.30, 48.70, 0.20, 355.52
14:17:51  , 26.30, 48.70, 0.12, 355.52
14:17:55  , 26.30, 48.60, 0.16, 396.53
14:17:59  , 26.30, 48.60, 0.17, 370.53
14:18:03  , 26.30, 48.60, 0.16, 380.78
14:18:07  , 26.20, 48.70, 0.14, 365.48
14:18:11  , 26.20, 48.60, 0.15, 380.78
14:18:15  , 26.20, 48.70, 0.20, 322.15
14:18:19  , 26.20, 48.70, 0.14, 360.48
14:18:23  , 26.20, 48.80, 0.13, 360.48
14:18:27  , 26.20, 48.70, 0.20, 326.78
14:18:31  , 26.10, 48.80, 0.20, 464.10
14:18:35  , 26.10, 48.80, 0.19, 370.53
14:18:39  , 26.10, 48.80, 0.20, 375.63
14:18:43  , 26.10, 48.70, 0.18, 412.73
14:18:47  , 26.10, 48.70, 0.15, 391.23
14:18:51  , 26.10, 48.70, 0.19, 375.63
14:18:55  , 26.10, 48.80, 0.12, 380.78
14:18:59  , 26.20, 48.90, 0.15, 380.78
14:19:03  , 26.20, 49.10, 0.14, 423.78
14:19:07  , 26.20, 49.10, 0.16, 345.75
14:19:11  , 26.20, 49.10, 0.12, 375.63
14:19:15  , 26.20, 49.00, 0.18, 365.48
14:19:19  , 26.20, 48.90, 0.20, 331.45
14:19:23  , 26.20, 49.00, 0.17, 418.23
14:19:27  , 26.20, 48.90, 0.16, 375.63
14:19:31  , 26.20, 48.90, 0.16, 350.61
14:19:35  , 26.20, 48.90, 0.14, 336.17
14:19:39  , 26.20, 49.00, 0.19, 336.17
14:19:43  , 26.20, 49.10, 0.19, 546.02
14:19:47  , 26.20, 48.90, 0.17, 360.48
14:19:51  , 26.20, 48.90, 0.19, 412.73
14:19:55  , 26.20, 49.10, 0.20, 380.78
14:19:59  , 26.20, 49.20, 0.17, 380.78
14:20:03  , 26.20, 49.10, 0.13, 360.48
14:20:07  , 26.20, 49.10, 0.12, 345.75
14:20:11  , 26.20, 48.90, 0.17, 355.52
14:20:15  , 26.20, 48.90, 0.16, 331.45
14:20:20  , 26.20, 48.90, 0.17, 370.53
14:20:24  , 26.20, 48.90, 0.16, 322.15
14:20:28  , 26.20, 48.80, 0.16, 360.48
14:20:32  , 26.20, 48.70, 0.15, 370.53
14:20:36  , 26.30, 48.60, 0.13, 370.53
14:20:40  , 26.30, 48.60, 0.17, 313.04
14:20:44  , 26.30, 48.60, 0.16, 370.53
14:20:48  , 26.30, 48.60, 0.13, 401.88
14:20:52  , 26.30, 48.60, 0.13, 412.73
14:20:56  , 26.30, 48.70, 0.17, 407.28
14:21:00  , 26.30, 48.70, 0.18, 407.28
14:21:04  , 26.30, 48.60, 0.19, 365.48
14:21:08  , 26.30, 48.60, 0.17, 360.48
14:21:12  , 26.30, 48.60, 0.19, 401.88
14:21:16  , 26.30, 48.60, 0.15, 401.88
14:21:20  , 26.30, 48.50, 0.19, 429.38
14:21:24  , 26.40, 48.50, 0.19, 429.38
14:21:28  , 26.40, 48.50, 0.14, 380.78
14:21:32  , 26.40, 48.60, 0.18, 355.52
14:21:36  , 26.40, 48.60, 0.19, 429.38
14:21:40  , 26.40, 48.50, 0.19, 391.23
14:21:44  , 26.40, 48.50, 0.12, 375.63
14:21:48  , 26.40, 48.50, 0.15, 360.48
14:21:52  , 26.40, 48.50, 0.16, 418.23
14:21:56  , 26.40, 48.40, 0.17, 365.48
14:22:00  , 26.40, 48.40, 0.32, 418.23
14:22:04  , 26.30, 48.40, 0.20, 391.23
14:22:08  , 26.30, 48.40, 0.13, 429.38
14:22:12  , 26.30, 48.40, 0.17, 429.38
14:22:16  , 26.30, 48.40, 0.11, 446.51
14:22:20  , 26.30, 48.40, 0.21, 458.18
14:22:24  , 26.30, 48.40, 0.17, 429.38
14:22:28  , 26.30, 48.50, 0.31, 396.53
14:22:32  , 26.30, 48.50, 0.17, 370.53
14:22:36  , 26.30, 48.60, 0.20, 429.38
14:22:40  , 26.30, 48.60, 0.12, 423.78
14:22:44  , 26.30, 48.60, 0.16, 365.48
14:22:48  , 26.30, 48.50, 0.20, 385.98
14:22:52  , 26.30, 48.50, 0.14, 370.53
14:22:56  , 26.30, 48.50, 0.16, 365.48
14:23:01  , 26.40, 48.50, 0.19, 423.78
14:23:05  , 26.40, 48.50, 0.15, 452.32
14:23:09  , 26.40, 48.50, 0.15, 423.78
14:23:13  , 26.40, 48.50, 0.20, 401.88
14:23:17  , 26.40, 48.40, 0.19, 380.78
14:23:21  , 26.40, 48.40, 0.18, 345.75
14:23:25  , 26.40, 48.40, 0.13, 429.38
14:23:29  , 26.40, 48.40, 0.18, 412.73
14:23:33  , 26.40, 48.40, 0.20, 340.94
14:23:37  , 26.40, 48.30, 0.17, 423.78
14:23:41  , 26.40, 48.30, 0.17, 407.28
14:23:45  , 26.40, 48.30, 0.20, 412.73
14:23:49  , 26.50, 48.30, 0.20, 440.75
14:23:53  , 26.50, 48.40, 0.19, 435.04
14:23:57  , 26.40, 48.60, 0.17, 429.38
14:24:01  , 26.40, 48.60, 0.12, 375.63
14:24:05  , 26.40, 48.60, 0.18, 435.04
14:24:09  , 26.40, 48.50, 0.21, 429.38
14:24:13  , 26.40, 48.50, 0.19, 355.52
14:24:17  , 26.40, 48.50, 0.16, 396.53
14:24:21  , 26.40, 48.40, 0.20, 429.38
14:24:25  , 26.40, 48.40, 0.21, 429.38
14:24:29  , 26.40, 48.30, 0.14, 407.28
14:24:33  , 26.30, 48.30, 0.21, 429.38
14:24:37  , 26.30, 48.40, 0.20, 375.63
14:24:41  , 26.30, 48.50, 0.20, 380.78
14:24:45  , 26.30, 48.50, 0.20, 429.38
14:24:49  , 26.30, 48.50, 0.22, 458.18
14:24:53  , 26.30, 48.50, 0.18, 452.32
14:24:57  , 26.30, 48.60, 0.15, 440.75
14:25:01  , 26.30, 48.70, 0.19, 423.78
14:25:05  , 26.30, 48.60, 0.25, 482.18
14:25:09  , 26.30, 48.50, 0.22, 482.18
14:25:13  , 26.30, 48.60, 0.20, 532.81
14:25:17  , 26.30, 48.50, 0.22, 440.75
14:25:21  , 26.30, 48.50, 0.19, 488.32
14:25:25  , 26.20, 48.50, 0.22, 464.10
14:25:29  , 26.20, 48.60, 0.21, 526.28
14:25:33  , 26.20, 48.60, 0.23, 423.78
14:25:37  , 26.20, 48.60, 0.18, 482.18
