06:42:06 ,29.90,71.80,0.25,182.28
06:42:11 ,30.00,71.40,0.63,69.35
06:42:16 ,30.00,71.30,0.12,29.40
06:42:21 ,30.00,71.10,0.08,17.26
06:42:27 ,30.00,70.60,0.08,27.32
06:42:32 ,30.00,70.00,0.12,32.16
06:42:37 ,29.90,69.50,0.12,26.81
06:42:42 ,29.90,69.00,0.12,25.34
06:42:47 ,29.90,68.90,0.13,42.18
06:42:52 ,29.80,68.70,0.09,42.18
06:42:57 ,29.70,68.90,0.13,55.83
06:43:02 ,29.60,69.00,0.16,23.92
06:43:07 ,29.60,69.10,0.14,23.46
06:43:12 ,29.60,69.20,0.16,17.63
06:43:17 ,29.60,69.40,0.17,27.32
06:43:22 ,29.60,69.50,0.13,28.87
06:43:27 ,29.60,69.50,0.12,42.18
06:43:32 ,29.60,69.60,0.06,67.43
06:43:37 ,29.60,69.70,0.09,73.30
06:43:42 ,29.50,69.80,0.08,40.82
06:43:47 ,29.50,70.00,0.39,49.44
06:43:52 ,29.50,70.10,0.13,50.98
06:43:57 ,29.50,70.20,0.16,59.24
06:44:02 ,29.50,70.40,0.12,63.70
06:44:07 ,29.50,70.40,0.12,66.48
06:44:12 ,29.50,70.40,0.12,75.34
06:44:17 ,29.40,70.60,0.10,74.32
06:44:22 ,29.40,70.70,0.06,127.89
06:44:27 ,29.40,70.80,0.07,87.26
06:44:32 ,29.30,71.00,0.04,79.53
06:44:37 ,29.30,71.10,0.02,39.50
06:44:42 ,29.30,71.10,0.01,38.84
06:44:47 ,29.30,71.40,0.01,35.70
06:44:52 ,29.40,71.40,0.01,34.49
06:44:57 ,29.40,71.20,0.03,55.00
06:45:02 ,29.40,71.20,0.01,100.44
06:45:07 ,29.30,71.20,0.03,146.70
06:45:12 ,29.30,71.40,0.01,202.20
06:45:17 ,29.30,71.60,0.10,289.55
06:45:22 ,29.20,71.80,0.14,279.00
06:45:27 ,29.20,72.00,0.39,289.55
06:45:32 ,29.20,72.20,0.25,322.93
06:45:37 ,29.20,72.20,0.26,450.71
06:45:42 ,29.30,72.10,0.22,387.89
06:45:48 ,29.30,72.00,0.30,346.66
06:45:53 ,29.30,72.00,0.13,249.01
06:45:58 ,29.40,71.70,0.76,230.35
06:46:03 ,29.40,71.40,0.64,156.80
06:46:08 ,29.40,70.90,-1.00,60.11
06:46:13 ,29.50,70.70,-1.00,76.37
06:46:18 ,29.50,70.40,0.00,23.00
06:46:23 ,29.50,70.30,0.06,6.92
06:46:28 ,29.60,70.20,0.00,8.86
06:46:33 ,29.80,70.20,0.01,2.95
06:46:38 ,29.90,70.00,-1.00,3.06
06:46:43 ,30.00,69.60,-1.00,1.50
06:46:48 ,30.20,69.20,-1.00,1.12
06:46:53 ,30.20,68.80,-1.00,2.95
06:46:58 ,30.30,68.50,-1.00,3.06
06:47:03 ,30.30,68.20,-1.00,-1.00
06:47:08 ,30.30,68.20,-1.00,-1.00
06:47:13 ,30.30,68.00,-1.00,-1.00
06:47:18 ,30.30,67.90,-1.00,-1.00
06:47:23 ,30.30,68.20,-1.00,-1.00
06:47:28 ,30.20,68.30,-1.00,-1.00
06:47:33 ,30.20,69.90,-1.00,0.27
06:47:38 ,30.30,71.50,0.00,10.61
06:47:43 ,30.30,72.30,0.06,132.43
06:47:48 ,30.30,71.90,0.05,112.21
06:47:53 ,30.30,71.90,0.03,104.26
06:47:58 ,30.30,72.30,-1.00,36.93
06:48:03 ,30.30,72.30,-1.00,63.70
06:48:08 ,30.40,71.40,-1.00,67.43
06:48:13 ,30.40,70.50,-1.00,63.70
06:48:18 ,30.50,69.80,-1.00,63.70
06:48:23 ,30.60,69.60,-1.00,42.18
06:48:28 ,30.60,69.80,0.00,29.94
06:48:33 ,30.70,69.80,-1.00,28.87
06:48:38 ,30.80,68.80,-1.00,38.20
06:48:43 ,30.90,68.50,-1.00,30.48
06:48:48 ,30.90,67.70,-1.00,32.73
06:48:53 ,30.90,66.90,-1.00,35.70
06:48:58 ,31.00,66.40,-1.00,36.93
06:49:04 ,31.00,65.90,0.01,33.31
06:49:09 ,31.00,66.10,0.02,19.99
06:49:14 ,31.00,66.00,0.01,18.79
06:49:19 ,31.10,65.90,0.12,17.63
06:49:24 ,31.20,65.50,0.10,17.63
06:49:29 ,31.40,65.20,0.03,14.80
06:49:34 ,31.40,64.90,0.06,15.48
06:49:39 ,31.50,64.40,0.09,12.89
06:49:44 ,31.60,64.40,0.06,11.16
06:49:49 ,31.70,64.00,0.09,9.34
06:49:54 ,31.70,63.60,0.09,11.71
06:49:59 ,31.70,63.30,-1.00,13.51
06:50:04 ,31.70,63.10,-1.00,16.53
06:50:09 ,31.70,62.90,-1.00,15.48
06:50:14 ,31.80,63.10,-1.00,11.71
06:50:19 ,31.90,62.90,-1.00,8.40
06:50:24 ,32.00,62.80,0.00,8.18
06:50:29 ,32.10,62.60,-1.00,8.86
06:50:34 ,32.10,62.20,-1.00,14.47
06:50:39 ,32.20,61.80,-1.00,9.34
06:50:44 ,32.20,61.60,0.00,6.53
06:50:49 ,32.20,61.40,-1.00,7.53
06:50:54 ,32.20,61.40,-1.00,7.96
06:50:59 ,32.10,61.10,0.09,14.47
06:51:04 ,32.00,61.10,-1.00,5.45
06:51:09 ,32.10,61.20,0.03,3.67
06:51:14 ,32.10,61.30,0.03,6.72
06:51:19 ,31.90,61.30,0.01,7.12
06:51:24 ,31.70,61.60,0.01,9.59
06:51:29 ,31.40,62.20,0.01,17.26
06:51:34 ,31.30,62.40,0.06,17.26
06:51:39 ,31.40,63.00,0.07,11.71
06:51:44 ,31.40,63.30,0.05,7.74
06:51:49 ,31.60,63.30,0.03,5.62
06:51:54 ,31.70,63.20,0.00,7.74
06:51:59 ,31.70,62.80,0.01,10.88
06:52:04 ,31.70,62.60,0.01,14.47
06:52:09 ,31.60,62.40,0.04,17.63
06:52:14 ,31.50,62.50,0.02,2.95
06:52:19 ,31.50,62.70,0.03,16.53
06:52:25 ,31.40,62.80,0.04,14.47
06:52:30 ,31.40,62.90,0.05,20.40
06:52:35 ,31.50,63.00,0.06,20.82
06:52:40 ,31.40,63.00,0.01,32.73
06:52:45 ,31.50,62.90,0.01,32.73
06:52:50 ,31.60,63.00,0.02,15.48
06:52:55 ,31.70,63.10,0.01,12.29
06:53:00 ,31.70,62.90,0.02,12.59
06:53:05 ,31.90,62.80,0.02,24.38
06:53:10 ,32.00,62.50,-1.00,29.94
06:53:15 ,32.10,62.50,0.01,31.59
06:53:20 ,32.00,62.00,0.01,31.03
06:53:25 ,31.70,61.90,0.01,31.03
06:53:30 ,31.40,62.20,0.02,55.00
06:53:35 ,31.10,62.70,0.03,87.26
06:53:40 ,31.20,63.00,0.02,60.11
06:53:45 ,31.20,63.20,0.02,55.00
06:53:50 ,31.30,63.20,0.05,34.49
06:53:55 ,31.20,63.10,0.05,33.90
06:54:00 ,31.00,63.30,0.07,48.67
06:54:05 ,30.90,63.60,0.07,52.57
06:54:10 ,31.00,63.70,0.06,35.09
06:54:15 ,31.00,63.90,0.00,11.71
06:54:20 ,31.00,64.40,-1.00,7.53
06:54:25 ,30.90,64.60,0.00,8.18
06:54:30 ,30.90,64.70,0.01,8.86
06:54:35 ,31.00,64.70,0.00,8.18
06:54:40 ,30.90,64.60,0.02,4.50
06:54:45 ,30.90,64.20,0.01,2.84
06:54:50 ,30.90,64.10,-1.00,2.73
06:54:55 ,30.90,64.00,0.01,3.80
06:55:00 ,30.80,64.00,0.00,2.95
06:55:05 ,30.80,64.00,-1.00,8.18
06:55:10 ,30.80,64.00,-1.00,6.92
06:55:15 ,30.70,64.10,-1.00,4.96
06:55:20 ,30.70,64.60,0.01,3.18
06:55:25 ,30.80,64.50,0.01,3.29
06:55:30 ,30.90,64.50,0.06,2.73
06:55:35 ,30.90,64.50,0.08,3.54
06:55:40 ,31.00,64.30,0.06,3.42
06:55:46 ,31.00,64.10,0.09,4.50
06:55:51 ,31.00,64.00,0.13,3.54
06:55:56 ,30.90,64.10,0.12,4.35
06:56:01 ,30.90,64.20,0.12,3.67
06:56:06 ,30.80,64.70,0.10,3.06
06:56:11 ,30.80,65.30,0.11,2.95
06:56:16 ,30.80,65.80,0.12,5.62
06:56:21 ,30.70,65.90,0.13,4.80
06:56:26 ,30.70,66.00,0.13,4.96
06:56:31 ,30.60,66.10,0.12,5.97
06:56:36 ,30.50,66.00,0.13,5.45
06:56:41 ,30.50,66.60,0.16,4.21
06:56:46 ,30.50,66.60,0.16,5.79
06:56:51 ,30.40,66.60,0.14,4.50
06:56:56 ,30.30,66.40,0.13,29.40
06:57:01 ,30.30,66.20,0.15,33.31
06:57:06 ,30.30,66.70,0.12,10.61
06:57:11 ,30.20,66.70,0.12,15.48
06:57:16 ,30.20,66.60,0.16,25.82
06:57:21 ,30.10,66.50,0.12,28.87
06:57:26 ,30.10,66.60,0.12,51.77
06:57:31 ,30.10,66.60,0.12,7.53
06:57:36 ,30.10,66.70,0.12,55.83
06:57:41 ,29.90,66.40,-1.00,44.99
06:57:46 ,29.90,66.60,-1.00,43.57
06:57:51 ,29.90,66.80,-1.00,38.20
06:57:56 ,29.90,67.30,-1.00,29.40
06:58:01 ,29.90,67.10,0.01,29.40
06:58:06 ,29.90,67.00,0.01,22.55
06:58:11 ,30.10,66.90,0.01,19.58
06:58:16 ,30.20,66.70,0.01,22.11
06:58:21 ,30.30,66.20,-1.00,24.38
06:58:26 ,30.50,65.50,0.02,32.16
06:58:31 ,30.40,65.10,0.04,42.87
06:58:36 ,30.30,65.20,0.11,37.56
06:58:41 ,30.30,65.10,0.10,41.50
06:58:46 ,30.20,65.50,0.09,42.87
06:58:51 ,30.20,65.80,0.12,36.93
06:58:56 ,30.00,66.20,0.08,64.62
06:59:02 ,29.90,66.70,0.08,109.52
06:59:07 ,30.10,66.80,0.07,56.67
06:59:12 ,29.90,66.90,-1.00,127.89
06:59:17 ,29.90,67.10,-1.00,86.12
06:59:22 ,29.70,67.90,-1.00,113.58
06:59:27 ,29.50,68.30,0.05,397.89
06:59:32 ,29.60,68.60,0.04,311.51
06:59:37 ,29.70,68.70,0.01,279.00
06:59:42 ,29.70,68.80,0.08,126.41
06:59:47 ,29.80,68.50,-1.00,150.02
06:59:52 ,29.70,68.30,0.08,106.87
06:59:57 ,29.80,68.10,-1.00,91.90
07:00:02 ,29.50,67.90,-1.00,223.62
07:00:07 ,29.30,68.50,-1.00,365.27
07:00:12 ,29.30,68.70,-1.00,337.62
07:00:17 ,29.30,69.10,-1.00,184.21
07:00:22 ,28.90,70.30,0.00,300.39
07:00:27 ,28.90,70.70,0.06,241.89
07:00:32 ,29.00,71.00,0.07,241.89
07:00:37 ,29.10,71.50,0.03,256.28
07:00:42 ,29.10,71.60,0.10,176.59
07:00:47 ,29.10,71.50,0.04,368.45
07:00:52 ,29.20,71.30,0.01,153.38
07:00:57 ,29.20,70.60,0.01,143.44
07:01:02 ,29.20,70.30,0.00,202.20
07:01:07 ,29.10,70.30,-1.00,33.31
07:01:12 ,28.80,70.70,0.76,263.70
