11:34:31  , 26.40, 83.50, 0.42, 274.32
11:34:35  , 26.40, 84.50, 0.47, 283.27
11:34:39  , 26.50, 85.10, 0.41, 389.84
11:34:43  , 26.50, 85.80, 0.42, 258.91
11:34:47  , 26.60, 86.40, 0.42, 313.24
11:34:51  , 26.60, 86.90, 0.44, 439.04
11:34:55  , 26.70, 87.20, 0.42, 330.36
11:34:59  , 26.70, 87.90, 0.47, 478.11
11:35:03  , 26.70, 88.70, 0.41, 529.60
11:35:07  , 26.80, 89.10, 0.40, 448.49
11:35:11  , 26.80, 89.80, 0.41, 582.76
11:35:15  , 26.80, 90.60, 0.42, 627.25
11:35:19  , 26.90, 90.80, 0.39, 603.89
11:35:23  , 26.90, 90.10, 0.37, 728.09
11:35:27  , 27.00, 90.00, 0.40, 837.84
11:35:31  , 27.00, 89.40, 0.38, 908.82
11:35:35  , 27.00, 89.20, 0.41, 825.59
11:35:39  , 27.00, 89.00, 0.41, 937.84
11:35:43  , 27.10, 88.80, 0.40, 1060.56
11:35:47  , 27.10, 88.60, 0.38, 899.29
11:35:51  , 27.10, 88.40, 0.40, 889.83
11:35:55  , 27.20, 88.20, 0.37, 852.70
11:35:59  , 27.20, 88.00, 0.40, 871.12
11:36:03  , 27.20, 87.80, 0.37, 843.60
11:36:07  , 27.30, 87.50, 0.25, 861.88
11:36:11  , 27.30, 87.30, 0.41, 871.12
11:36:15  , 27.30, 87.10, 0.36, 967.51
11:36:19  , 27.30, 87.00, 0.34, 889.83
11:36:23  , 27.30, 86.80, 0.39, 908.82
11:36:27  , 27.30, 86.60, 0.37, 997.85
11:36:31  , 27.40, 86.40, 0.33, 781.78
11:36:35  , 27.40, 86.20, 0.37, 691.23
11:36:39  , 27.40, 86.00, 0.37, 723.25
11:36:43  , 27.40, 85.70, 0.40, 683.39
11:36:47  , 27.50, 85.30, 0.40, 747.94
11:36:51  , 27.50, 84.90, 0.34, 652.65
11:36:55  , 27.50, 84.70, 0.37, 660.24
11:36:59  , 27.50, 84.70, 0.35, 637.65
11:37:03  , 27.60, 84.50, 0.40, 637.65
11:37:07  , 27.60, 84.40, 0.27, 573.15
11:37:12  , 27.60, 84.20, 0.36, 601.22
11:37:16  , 27.60, 84.00, 0.31, 532.81
11:37:20  , 27.60, 83.70, 0.36, 526.28
11:37:24  , 27.60, 83.70, 0.36, 573.15
11:37:28  , 27.70, 83.40, 0.36, 594.11
11:37:32  , 27.70, 83.40, 0.31, 513.40
11:37:36  , 27.70, 83.00, 0.29, 532.81
11:37:40  , 27.70, 83.00, 0.32, 546.02
11:37:44  , 27.70, 82.90, 0.33, 566.28
11:37:48  , 27.70, 82.70, 0.31, 587.07
11:37:52  , 27.80, 82.40, 0.35, 513.40
11:37:56  , 27.80, 82.30, 0.33, 526.28
11:38:00  , 27.80, 82.30, 0.36, 526.28
11:38:04  , 27.80, 82.30, 0.30, 601.22
11:38:08  , 27.90, 82.10, 0.34, 423.78
11:38:12  , 27.90, 81.90, 0.33, 494.50
11:38:16  , 27.90, 81.80, 0.32, 546.02
11:38:20  , 27.90, 81.80, 0.31, 526.28
11:38:24  , 27.90, 81.80, 0.31, 488.32
11:38:28  , 28.00, 81.60, 0.30, 470.07
11:38:32  , 28.00, 81.50, 0.30, 429.38
11:38:36  , 28.00, 81.50, 0.29, 482.18
11:38:40  , 28.10, 81.50, 0.29, 429.38
11:38:44  , 28.10, 81.30, 0.30, 452.32
11:38:48  , 28.10, 81.20, 0.29, 375.63
11:38:52  , 28.20, 81.20, 0.30, 429.38
11:38:56  , 28.20, 81.00, 0.33, 412.73
11:39:00  , 28.20, 81.00, 0.33, 370.53
11:39:04  , 28.20, 80.80, 0.32, 429.38
11:39:08  , 28.20, 80.70, 0.33, 401.88
11:39:12  , 28.20, 80.70, 0.33, 396.53
11:39:16  , 28.20, 80.60, 0.34, 274.24
11:39:20  , 28.20, 80.60, 0.31, 407.28
11:39:24  , 28.20, 80.50, 0.31, 375.63
11:39:28  , 28.20, 80.50, 0.31, 331.45
11:39:32  , 28.30, 80.40, 0.33, 355.52
11:39:36  , 28.30, 80.10, 0.30, 470.07
11:39:40  , 28.30, 80.00, 0.32, 375.63
11:39:44  , 28.30, 80.00, 0.29, 380.78
11:39:48  , 28.30, 80.00, 0.28, 340.94
11:39:53  , 28.30, 80.00, 0.30, 274.24
11:39:57  , 28.30, 79.90, 0.30, 429.38
11:40:01  , 28.40, 79.90, 0.30, 370.53
11:40:05  , 28.40, 80.30, 0.25, 559.47
11:40:09  , 28.40, 80.40, 0.28, 446.51
11:40:13  , 28.40, 80.40, 0.30, 340.94
11:40:17  , 28.50, 80.30, 0.30, 350.61
11:40:21  , 28.50, 80.10, 0.29, 326.78
11:40:25  , 28.50, 80.00, 0.30, 350.61
11:40:29  , 28.50, 79.90, 0.24, 370.53
11:40:33  , 28.50, 79.80, 0.30, 355.52
11:40:37  , 28.50, 79.70, 0.31, 345.75
11:40:41  , 28.50, 79.50, 0.32, 350.61
11:40:45  , 28.50, 79.40, 0.34, 322.15
11:40:49  , 28.50, 79.40, 0.27, 299.70
11:40:53  , 28.50, 79.20, 0.26, 286.77
11:40:57  , 28.50, 79.00, 0.30, 308.55
11:41:01  , 28.50, 78.90, 0.31, 340.94
11:41:05  , 28.50, 78.80, 0.29, 322.15
11:41:09  , 28.50, 78.80, 0.29, 286.77
11:41:13  , 28.50, 78.70, 0.30, 295.35
11:41:17  , 28.50, 78.70, 0.30, 308.55
11:41:21  , 28.50, 78.60, 0.27, 231.52
11:41:25  , 28.50, 78.60, 0.25, 282.55
11:41:29  , 28.60, 78.50, 0.30, 286.77
11:41:33  , 28.60, 78.50, 0.29, 274.24
11:41:37  , 28.60, 78.30, 0.28, 274.24
11:41:41  , 28.60, 78.10, 0.32, 278.37
11:41:45  , 28.60, 78.10, 0.30, 274.24
11:41:49  , 28.60, 77.90, 0.30, 246.47
11:41:53  , 28.60, 77.80, 0.26, 322.15
11:41:57  , 28.60, 77.80, 0.27, 217.21
11:42:01  , 28.60, 77.70, 0.27, 270.14
11:42:05  , 28.60, 77.60, 0.28, 350.61
11:42:09  , 28.60, 77.50, 0.26, 274.24
11:42:13  , 28.60, 77.50, 0.29, 238.92
11:42:17  , 28.60, 77.30, 0.29, 274.24
11:42:21  , 28.60, 77.30, 0.32, 278.37
11:42:25  , 28.60, 77.30, 0.29, 254.20
11:42:29  , 28.60, 77.20, 0.31, 258.12
11:42:34  , 28.50, 77.20, 0.30, 278.37
11:42:38  , 28.60, 77.20, 0.30, 258.12
11:42:42  , 28.50, 77.10, 0.29, 235.20
11:42:46  , 28.50, 77.10, 0.25, 238.92
11:42:50  , 28.60, 77.10, 0.26, 274.24
11:42:54  , 28.60, 77.10, 0.27, 282.55
11:42:58  , 28.60, 77.10, 0.26, 270.14
11:43:02  , 28.50, 77.10, 0.26, 270.14
11:43:06  , 28.50, 77.20, 0.30, 250.31
11:43:10  , 28.50, 77.30, 0.26, 291.04
11:43:14  , 28.60, 77.40, 0.30, 299.70
11:43:18  , 28.60, 77.50, 0.28, 274.24
11:43:22  , 28.60, 77.60, 0.23, 304.10
11:43:26  , 28.60, 77.60, 0.28, 266.09
11:43:30  , 28.60, 77.70, 0.27, 308.55
11:43:34  , 28.70, 77.90, 0.26, 274.24
11:43:38  , 28.70, 77.90, 0.30, 286.77
11:43:42  , 28.70, 78.00, 0.29, 274.24
11:43:46  , 28.70, 78.00, 0.28, 295.35
11:43:50  , 28.70, 77.90, 0.31, 291.04
11:43:54  , 28.70, 77.90, 0.30, 282.55
11:43:58  , 28.70, 77.80, 0.30, 250.31
11:44:02  , 28.70, 77.80, 0.27, 274.24
11:44:06  , 28.70, 77.70, 0.27, 258.12
11:44:10  , 28.70, 77.70, 0.25, 274.24
11:44:14  , 28.80, 77.50, 0.26, 210.29
11:44:18  , 28.80, 77.50, 0.30, 250.31
11:44:22  , 28.80, 77.50, 0.24, 220.73
11:44:26  , 28.80, 77.50, 0.32, 163.18
11:44:30  , 28.80, 77.50, 0.30, 242.67
11:44:34  , 28.80, 77.50, 0.25, 224.29
11:44:38  , 28.80, 77.50, 0.34, 274.24
11:44:42  , 28.80, 77.50, 0.29, 274.24
11:44:46  , 28.80, 77.50, 0.29, 250.31
11:44:50  , 28.80, 77.50, 0.30, 217.21
11:44:54  , 28.80, 77.40, 0.28, 270.14
11:44:58  , 28.80, 77.20, 0.25, 274.24
11:45:02  , 28.80, 77.10, 0.29, 227.88
11:45:06  , 28.80, 77.00, 0.25, 262.08
11:45:10  , 28.80, 76.90, 0.24, 274.24
11:45:15  , 28.80, 76.60, 0.24, 210.29
11:45:19  , 28.80, 76.60, 0.24, 238.92
11:45:23  , 28.80, 76.60, 0.26, 224.29
11:45:27  , 28.80, 76.50, 0.29, 274.24
11:45:31  , 28.80, 76.50, 0.25, 250.31
11:45:35  , 28.80, 76.20, 0.27, 224.29
11:45:39  , 28.80, 76.10, 0.29, 203.53
11:45:43  , 28.80, 75.90, 0.25, 206.89
11:45:47  , 28.90, 75.80, 0.23, 224.29
11:45:51  , 28.90, 75.70, 0.25, 213.73
11:45:55  , 28.90, 75.70, 0.28, 246.47
11:45:59  , 28.90, 75.60, 0.27, 227.88
11:46:03  , 28.90, 75.50, 0.29, 213.73
11:46:07  , 28.90, 75.50, 0.25, 242.67
11:46:11  , 28.90, 75.50, 0.28, 282.55
11:46:15  , 28.90, 75.50, 0.26, 231.52
11:46:19  , 28.90, 75.60, 0.25, 206.89
11:46:23  , 28.80, 75.70, 0.29, 262.08
11:46:27  , 28.80, 75.80, 0.27, 246.47
11:46:31  , 28.90, 75.90, 0.28, 217.21
11:46:35  , 28.90, 76.00, 0.29, 274.24
11:46:39  , 28.90, 76.10, 0.30, 246.47
11:46:43  , 28.90, 76.20, 0.25, 262.08
11:46:47  , 28.90, 76.30, 0.26, 250.31
11:46:51  , 28.90, 76.50, 0.28, 278.37
11:46:55  , 28.90, 76.50, 0.29, 213.73
11:46:59  , 29.00, 76.40, 0.30, 224.29
11:47:03  , 29.00, 76.30, 0.29, 274.24
11:47:07  , 29.00, 76.10, 0.25, 217.21
11:47:11  , 29.00, 76.10, 0.25, 224.29
11:47:15  , 29.00, 76.00, 0.29, 274.24
11:47:19  , 29.00, 76.00, 0.30, 262.08
11:47:23  , 29.00, 75.90, 0.27, 220.73
11:47:27  , 29.00, 76.00, 0.28, 282.55
11:47:31  , 29.00, 76.00, 0.28, 224.29
11:47:35  , 29.00, 76.00, 0.28, 238.92
11:47:39  , 29.10, 76.00, 0.26, 246.47
11:47:43  , 29.10, 76.00, 0.27, 250.31
11:47:47  , 29.10, 76.00, 0.28, 246.47
11:47:51  , 29.10, 76.10, 0.25, 262.08
11:47:55  , 29.10, 76.20, 0.23, 304.10
11:48:00  , 29.10, 76.20, 0.27, 250.31
11:48:04  , 29.10, 76.30, 0.27, 274.24
11:48:08  , 29.20, 76.30, 0.26, 282.55
11:48:12  , 29.20, 76.20, 0.26, 220.73
11:48:16  , 29.20, 76.10, 0.26, 274.24
11:48:20  , 29.20, 76.10, 0.27, 231.52
11:48:24  , 29.20, 76.00, 0.29, 266.09
11:48:28  , 29.30, 75.90, 0.29, 274.24
11:48:32  , 29.30, 75.90, 0.25, 336.17
11:48:36  , 29.30, 75.90, 0.25, 254.20
11:48:40  , 29.30, 75.90, 0.30, 274.24
11:48:44  , 29.30, 75.90, 0.25, 304.10
11:48:48  , 29.30, 75.90, 0.27, 270.14
11:48:52  , 29.30, 75.90, 0.26, 350.61
11:48:56  , 29.30, 75.80, 0.29, 286.77
11:49:00  , 29.30, 75.80, 0.30, 345.75
11:49:04  , 29.30, 75.80, 0.30, 190.45
11:49:08  , 29.30, 75.90, 0.31, 331.45
11:49:12  , 29.20, 76.00, 0.18, 360.48
11:49:16  , 29.20, 76.00, 0.28, 304.10
11:49:20  , 29.20, 76.10, 0.29, 322.15
11:49:24  , 29.20, 76.10, 0.28, 331.45
11:49:28  , 29.20, 76.00, 0.28, 304.10
11:49:32  , 29.20, 75.90, 0.30, 295.35
11:49:36  , 29.20, 75.80, 0.30, 266.09
11:49:40  , 29.20, 75.70, 0.30, 270.14
11:49:44  , 29.20, 75.60, 0.24, 246.47
11:49:48  , 29.20, 75.40, 0.29, 254.20
11:49:52  , 29.20, 75.20, 0.28, 274.24
11:49:56  , 29.20, 75.00, 0.30, 274.24
11:50:00  , 29.20, 74.90, 0.28, 163.18
11:50:04  , 29.20, 74.70, 0.27, 217.21
11:50:08  , 29.20, 74.60, 0.25, 340.94
11:50:12  , 29.20, 74.40, 0.25, 220.73
11:50:16  , 29.20, 74.30, 0.28, 254.20
11:50:20  , 29.20, 74.30, 0.26, 217.21
11:50:24  , 29.20, 74.20, 0.23, 220.73
11:50:28  , 29.20, 74.20, 0.25, 203.53
11:50:32  , 29.20, 74.20, 0.30, 254.20
11:50:36  , 29.20, 74.20, 0.20, 246.47
11:50:41  , 29.20, 74.10, 0.25, 250.31
11:50:45  , 29.20, 74.10, 0.25, 250.31
11:50:49  , 29.20, 74.10, 0.25, 213.73
11:50:53  , 29.20, 74.10, 0.25, 250.31
11:50:57  , 29.20, 74.10, 0.26, 206.89
11:51:01  , 29.20, 74.20, 0.26, 206.89
11:51:05  , 29.20, 74.30, 0.26, 213.73
11:51:09  , 29.20, 74.30, 0.25, 203.53
11:51:13  , 29.20, 74.30, 0.25, 193.67
11:51:17  , 29.20, 74.30, 0.29, 213.73
11:51:21  , 29.10, 74.30, 0.25, 213.73
11:51:25  , 29.10, 74.30, 0.25, 184.14
11:51:29  , 29.10, 74.40, 0.30, 64.26
11:51:33  , 29.10, 74.40, 0.26, 196.92
11:51:37  , 29.10, 74.40, 0.25, 200.20
11:51:41  , 29.20, 74.50, 0.28, 210.29
11:51:45  , 29.20, 74.40, 0.26, 174.94
11:51:49  , 29.20, 74.40, 0.25, 206.89
11:51:53  , 29.20, 74.40, 0.30, 181.04
11:51:57  , 29.20, 74.40, 0.27, 171.95
11:52:01  , 29.20, 74.40, 0.28, 217.21
11:52:05  , 29.30, 74.30, 0.26, 196.92
11:52:09  , 29.30, 74.20, 0.28, 181.04
11:52:13  , 29.30, 74.20, 0.25, 193.67
11:52:17  , 29.30, 74.20, 0.23, 193.67
11:52:21  , 29.30, 74.00, 0.25, 184.14
11:52:25  , 29.30, 73.90, 0.29, 177.97
11:52:29  , 29.30, 73.80, 0.28, 238.92
11:52:33  , 29.30, 73.70, 0.28, 177.97
11:52:37  , 29.30, 73.60, 0.26, 174.94
11:52:41  , 29.30, 73.50, 0.26, 213.73
11:52:45  , 29.30, 73.30, 0.26, 206.89
11:52:49  , 29.30, 73.20, 0.26, 203.53
11:52:53  , 29.20, 73.30, 0.26, 177.97
11:52:57  , 29.20, 73.30, 0.29, 174.94
11:53:01  , 29.20, 73.30, 0.26, 168.99
11:53:05  , 29.30, 73.20, 0.25, 154.73
11:53:09  , 29.30, 73.20, 0.28, 157.51
11:53:13  , 29.30, 73.20, 0.25, 171.95
11:53:17  , 29.30, 73.10, 0.25, 151.98
11:53:22  , 29.30, 73.10, 0.29, 168.99
11:53:26  , 29.30, 73.10, 0.24, 163.18
11:53:30  , 29.30, 73.10, 0.23, 177.97
11:53:34  , 29.30, 73.10, 0.25, 181.04
11:53:38  , 29.20, 73.30, 0.25, 163.18
11:53:42  , 29.20, 73.20, 0.24, 193.67
11:53:46  , 29.30, 73.10, 0.24, 163.18
11:53:50  , 29.30, 73.10, 0.30, 160.33
11:53:54  , 29.30, 73.00, 0.26, 149.27
11:53:58  , 29.30, 72.90, 0.23, 154.73
11:54:02  , 29.30, 72.90, 0.25, 163.18
11:54:06  , 29.30, 72.80, 0.23, 163.18
11:54:10  , 29.30, 72.80, 0.23, 181.04
11:54:14  , 29.30, 72.80, 0.25, 184.14
11:54:18  , 29.30, 72.90, 0.24, 193.67
11:54:22  , 29.30, 72.90, 0.24, 163.18
11:54:26  , 29.30, 72.90, 0.25, 177.97
11:54:30  , 29.30, 72.90, 0.26, 171.95
11:54:34  , 29.30, 73.10, 0.24, 160.33
11:54:38  , 29.30, 73.20, 0.23, 154.73
11:54:42  , 29.30, 73.20, 0.26, 210.29
11:54:46  , 29.30, 73.30, 0.27, 210.29
11:54:50  , 29.40, 73.40, 0.25, 177.97
11:54:54  , 29.40, 73.50, 0.25, 181.04
11:54:58  , 29.40, 73.60, 0.25, 143.94
11:55:02  , 29.40, 73.70, 0.27, 177.97
11:55:06  , 29.40, 73.70, 0.26, 177.97
11:55:10  , 29.40, 73.80, 0.26, 149.27
11:55:14  , 29.40, 73.90, 0.26, 171.95
11:55:18  , 29.40, 74.00, 0.25, 193.67
11:55:22  , 29.40, 74.00, 0.23, 190.45
11:55:26  , 29.40, 73.90, 0.26, 168.99
11:55:30  , 29.40, 73.90, 0.26, 213.73
11:55:34  , 29.40, 73.90, 0.30, 166.07
11:55:38  , 29.40, 73.90, 0.23, 184.14
11:55:42  , 29.40, 74.00, 0.23, 168.99
11:55:46  , 29.50, 73.90, 0.24, 196.92
11:55:50  , 29.50, 73.80, 0.25, 213.73
11:55:54  , 29.50, 73.70, 0.25, 196.92
11:55:58  , 29.50, 73.70, 0.23, 184.14
11:56:03  , 29.50, 74.10, 0.27, 200.20
11:56:07  , 29.50, 74.20, 0.25, 181.04
11:56:11  , 29.50, 74.20, 0.21, 160.33
11:56:15  , 29.50, 74.20, 0.25, 163.18
11:56:19  , 29.50, 74.20, 0.25, 168.99
11:56:23  , 29.60, 74.20, 0.24, 206.89
11:56:27  , 29.60, 74.40, 0.21, 177.97
11:56:31  , 29.60, 74.40, 0.24, 213.73
11:56:35  , 29.60, 74.50, 0.25, 206.89
11:56:39  , 29.60, 74.60, 0.25, 220.73
11:56:43  , 29.60, 74.70, 0.25, 174.94
11:56:47  , 29.60, 74.70, 0.20, 217.21
11:56:51  , 29.60, 74.70, 0.25, 210.29
11:56:55  , 29.60, 74.70, 0.25, 163.18
11:56:59  , 29.60, 74.70, 0.25, 213.73
11:57:03  , 29.60, 74.70, 0.29, 258.12
11:57:07  , 29.60, 74.70, 0.23, 181.04
11:57:11  , 29.60, 74.70, 0.28, 206.89
11:57:15  , 29.70, 74.70, 0.27, 200.20
11:57:19  , 29.60, 74.70, 0.25, 213.73
11:57:23  , 29.60, 74.60, 0.23, 177.97
11:57:27  , 29.60, 74.40, 0.20, 184.14
11:57:31  , 29.60, 74.40, 0.24, 184.14
11:57:35  , 29.60, 74.50, 0.23, 184.14
11:57:39  , 29.60, 74.60, 0.25, 193.67
11:57:43  , 29.70, 74.80, 0.30, 190.45
11:57:47  , 29.70, 74.80, 0.25, 190.45
11:57:51  , 29.70, 74.80, 0.23, 181.04
11:57:55  , 29.70, 74.70, 0.25, 171.95
11:57:59  , 29.70, 74.60, 0.28, 177.97
11:58:03  , 29.70, 74.50, 0.28, 154.73
11:58:07  , 29.70, 74.40, 0.26, 177.97
11:58:11  , 29.60, 74.40, 0.26, 168.99
11:58:15  , 29.60, 74.20, 0.25, 163.18
11:58:19  , 29.60, 74.10, 0.26, 174.94
11:58:23  , 29.60, 74.10, 0.28, 203.53
11:58:27  , 29.60, 74.00, 0.27, 168.99
11:58:31  , 29.60, 73.90, 0.29, 154.73
11:58:35  , 29.60, 73.90, 0.27, 131.19
11:58:39  , 29.60, 73.90, 0.28, 163.18
11:58:44  , 29.60, 73.70, 0.20, 174.94
11:58:48  , 29.60, 73.50, 0.23, 154.73
11:58:52  , 29.60, 73.30, 0.30, 133.67
11:58:56  , 29.60, 73.20, 0.27, 163.18
11:59:00  , 29.60, 73.20, 0.23, 174.94
11:59:04  , 29.60, 73.10, 0.19, 168.99
11:59:08  , 29.60, 73.10, 0.25, 151.98
11:59:12  , 29.60, 73.00, 0.23, 166.07
11:59:16  , 29.60, 73.00, 0.30, 128.74
11:59:20  , 29.60, 73.10, 0.25, 160.33
11:59:24  , 29.60, 73.10, 0.30, 157.51
11:59:28  , 29.60, 73.00, 0.26, 163.18
11:59:32  , 29.60, 73.00, 0.25, 163.18
11:59:36  , 29.60, 73.00, 0.26, 138.74
11:59:40  , 29.60, 72.80, 0.25, 166.07
11:59:44  , 29.60, 72.80, 0.25, 160.33
11:59:48  , 29.70, 72.70, 0.25, 131.19
11:59:52  , 29.70, 72.60, 0.23, 128.74
11:59:56  , 29.70, 72.60, 0.26, 149.27
12:00:00  , 29.70, 72.60, 0.26, 141.32
12:00:04  , 29.70, 72.60, 0.25, 163.18
12:00:08  , 29.70, 72.50, 0.25, 133.67
12:00:12  , 29.70, 72.50, 0.25, 146.58
12:00:16  , 29.70, 72.50, 0.23, 126.32
12:00:20  , 29.70, 72.60, 0.37, 157.51
12:00:24  , 29.70, 72.50, 0.25, 154.73
12:00:28  , 29.70, 72.60, 0.22, 166.07
12:00:32  , 29.70, 72.70, 0.26, 157.51
12:00:36  , 29.70, 72.80, 0.25, 163.18
12:00:40  , 29.80, 73.00, 0.25, 168.99
12:00:44  , 29.80, 73.10, 0.30, 238.92
12:00:48  , 29.90, 73.10, 0.28, 163.18
12:00:52  , 29.90, 73.10, 0.25, 171.95
12:00:56  , 29.90, 73.10, 0.25, 166.07
12:01:00  , 29.90, 73.00, 0.22, 146.58
12:01:04  , 29.90, 73.00, 0.24, 166.07
12:01:08  , 29.90, 73.00, 0.28, 166.07
12:01:12  , 29.90, 72.90, 0.25, 138.74
12:01:16  , 29.80, 72.70, 0.25, 149.27
12:01:20  , 29.80, 72.70, 0.23, 163.18
12:01:25  , 29.80, 72.60, 0.24, 163.18
12:01:29  , 29.80, 72.60, 0.21, 149.27
12:01:33  , 29.80, 72.60, 0.24, 138.74
12:01:37  , 29.80, 72.60, 0.25, 154.73
12:01:41  , 29.70, 72.70, 0.25, 154.73
12:01:45  , 29.70, 72.70, 0.27, 163.18
12:01:49  , 29.70, 72.70, 0.25, 163.18
12:01:53  , 29.70, 72.80, 0.25, 112.45
12:01:57  , 29.70, 72.80, 0.25, 168.99
12:02:01  , 29.70, 72.90, 0.26, 123.93
12:02:05  , 29.80, 72.70, 0.27, 163.18
12:02:09  , 29.80, 72.80, 0.25, 157.51
12:02:13  , 29.80, 72.90, 0.25, 163.18
12:02:17  , 29.80, 72.90, 0.27, 131.19
12:02:21  , 29.80, 73.00, 0.25, 166.07
12:02:25  , 29.80, 73.00, 0.23, 110.24
12:02:29  , 29.90, 73.00, 0.27, 133.67
12:02:33  , 29.90, 73.00, 0.25, 133.67
12:02:37  , 29.90, 73.00, 0.24, 163.18
12:02:41  , 29.90, 73.00, 0.27, 163.18
12:02:45  , 29.90, 73.00, 0.23, 163.18
12:02:49  , 29.90, 73.00, 0.28, 157.51
12:02:53  , 29.90, 73.00, 0.24, 121.57
12:02:57  , 29.90, 72.90, 0.25, 110.24
12:03:01  , 29.90, 72.70, 0.30, 160.33
12:03:05  , 29.90, 72.60, 0.33, 174.94
12:03:09  , 29.90, 72.40, 0.34, 138.74
12:03:13  , 29.90, 72.40, 0.32, 160.33
12:03:17  , 29.90, 72.40, 0.30, 171.95
12:03:21  , 29.90, 72.70, 0.33, 262.08
12:03:25  , 29.90, 72.90, 0.34, 196.92
12:03:29  , 29.90, 73.00, 0.30, 171.95
12:03:33  , 29.90, 73.10, 0.30, 210.29
12:03:37  , 29.90, 73.10, 0.33, 184.14
12:03:41  , 29.90, 73.20, 0.33, 193.67
12:03:45  , 29.90, 73.30, 0.30, 171.95
12:03:49  , 29.90, 73.30, 0.33, 166.07
12:03:53  , 29.90, 73.20, 0.33, 193.67
12:03:57  , 29.90, 73.20, 0.32, 210.29
12:04:01  , 30.00, 73.10, 0.36, 181.04
12:04:06  , 30.00, 73.10, 0.34, 203.53
12:04:10  , 30.00, 73.00, 0.30, 190.45
12:04:14  , 30.00, 72.90, 0.29, 174.94
12:04:18  , 30.00, 72.90, 0.30, 177.97
12:04:22  , 30.00, 72.90, 0.30, 168.99
12:04:26  , 30.10, 72.90, 0.30, 196.92
12:04:30  , 30.10, 72.80, 0.30, 190.45
12:04:34  , 30.10, 72.80, 0.30, 206.89
12:04:38  , 30.20, 72.80, 0.30, 181.04
12:04:42  , 30.20, 72.80, 0.26, 196.92
12:04:46  , 30.20, 72.80, 0.27, 200.20
12:04:50  , 30.20, 72.80, 0.32, 181.04
12:04:54  , 30.20, 72.80, 0.30, 217.21
12:04:58  , 30.20, 73.10, 0.30, 231.52
12:05:02  , 30.20, 73.40, 0.33, 246.47
12:05:06  , 30.20, 73.60, 0.31, 291.04
12:05:10  , 30.10, 73.80, 0.30, 274.24
12:05:14  , 30.10, 73.90, 0.29, 304.10
12:05:18  , 30.10, 73.90, 0.30, 295.35
12:05:22  , 30.00, 74.00, 0.35, 295.35
12:05:26  , 30.00, 74.10, 0.35, 304.10
12:05:30  , 30.00, 74.20, 0.30, 350.61
12:05:34  , 30.00, 74.30, 0.30, 313.04
12:05:38  , 30.10, 74.40, 0.30, 308.55
12:05:42  , 30.10, 74.50, 0.36, 370.53
12:05:46  , 30.10, 74.60, 0.33, 331.45
12:05:50  , 30.10, 74.80, 0.34, 375.63
12:05:54  , 30.10, 74.80, 0.36, 423.78
12:05:58  , 30.20, 75.00, 0.33, 464.10
12:06:02  , 30.20, 75.00, 0.18, 470.07
12:06:06  , 30.20, 75.10, 0.39, 429.38
12:06:10  , 30.20, 75.10, 0.37, 380.78
12:06:14  , 30.20, 74.90, 0.39, 345.75
12:06:18  , 30.20, 74.50, 0.35, 278.37
12:06:22  , 30.20, 74.20, 0.34, 322.15
12:06:26  , 30.20, 73.90, 0.35, 274.24
12:06:30  , 30.20, 73.70, 0.35, 274.24
12:06:34  , 30.20, 73.50, 0.31, 246.47
12:06:38  , 30.20, 73.10, 0.36, 213.73
12:06:42  , 30.20, 72.80, 0.32, 235.20
12:06:47  , 30.20, 72.60, 0.31, 242.67
12:06:51  , 30.10, 72.40, 0.30, 224.29
12:06:55  , 30.10, 72.20, 0.35, 254.20
12:06:59  , 30.10, 72.00, 0.30, 213.73
12:07:03  , 30.10, 71.90, 0.28, 231.52
12:07:07  , 30.00, 71.80, 0.29, 224.29
12:07:11  , 30.00, 71.70, 0.34, 220.73
12:07:15  , 30.00, 71.70, 0.30, 250.31
12:07:19  , 29.90, 71.80, 0.30, 238.92
12:07:23  , 29.90, 71.70, 0.31, 217.21
12:07:27  , 29.90, 71.50, 0.32, 238.92
12:07:31  , 29.90, 71.40, 0.30, 193.67
12:07:35  , 29.90, 71.30, 0.29, 181.04
12:07:39  , 29.90, 71.30, 0.30, 87.92
12:07:43  , 29.90, 71.40, 0.31, 213.73
12:07:47  , 29.90, 71.50, 0.30, 177.97
12:07:51  , 29.90, 71.60, 0.33, 181.04
12:07:55  , 29.90, 71.60, 0.31, 184.14
12:07:59  , 29.90, 71.50, 0.32, 196.92
12:08:03  , 29.90, 71.50, 0.30, 193.67
12:08:07  , 29.90, 71.50, 0.30, 196.92
12:08:11  , 29.90, 71.50, 0.30, 206.89
12:08:15  , 29.90, 71.50, 0.30, 190.45
12:08:19  , 29.90, 71.50, 0.33, 203.53
12:08:23  , 29.90, 71.60, 0.31, 203.53
12:08:27  , 29.90, 71.90, 0.30, 224.29
12:08:31  , 29.90, 72.20, 0.30, 278.37
12:08:35  , 29.90, 72.80, 0.35, 355.52
12:08:39  , 29.90, 73.30, 0.32, 286.77
12:08:43  , 29.90, 73.60, 0.31, 274.24
12:08:47  , 29.90, 73.60, 0.32, 286.77
12:08:51  , 29.90, 73.80, 0.32, 299.70
12:08:55  , 29.90, 74.00, 0.33, 326.78
12:08:59  , 29.90, 74.30, 0.34, 365.48
12:09:03  , 29.90, 74.50, 0.31, 412.73
12:09:07  , 29.90, 74.60, 0.34, 380.78
12:09:11  , 29.90, 74.70, 0.42, 286.77
12:09:15  , 29.90, 74.60, 0.33, 295.35
12:09:19  , 29.90, 74.10, 0.30, 274.24
12:09:23  , 29.90, 73.60, 0.30, 266.09
12:09:28  , 29.90, 73.30, 0.30, 246.47
12:09:32  , 29.90, 73.00, 0.30, 217.21
12:09:36  , 29.90, 72.50, 0.30, 224.29
12:09:40  , 29.90, 72.00, 0.30, 213.73
12:09:44  , 29.90, 71.80, 0.30, 196.92
12:09:48  , 29.80, 71.40, 0.30, 217.21
12:09:52  , 29.80, 71.20, 0.29, 220.73
12:09:56  , 29.80, 71.00, 0.32, 206.89
12:10:00  , 29.80, 71.00, 0.30, 177.97
12:10:04  , 29.80, 71.00, 0.30, 224.29
12:10:08  , 29.80, 71.20, 0.28, 238.92
12:10:12  , 29.80, 71.40, 0.29, 250.31
12:10:16  , 29.80, 71.50, 0.31, 213.73
12:10:20  , 29.80, 71.50, 0.27, 246.47
12:10:24  , 29.80, 71.60, 0.27, 227.88
12:10:28  , 29.80, 71.60, 0.28, 231.52
12:10:32  , 29.80, 71.70, 0.30, 238.92
12:10:36  , 29.80, 71.80, 0.37, 274.24
12:10:40  , 29.70, 72.40, 0.33, 224.29
12:10:44  , 29.70, 72.80, 0.30, 295.35
12:10:48  , 29.70, 73.40, 0.30, 331.45
12:10:52  , 29.70, 73.90, 0.33, 350.61
12:10:56  , 29.70, 74.40, 0.30, 326.78
12:11:00  , 29.70, 74.50, 0.34, 396.53
12:11:04  , 29.70, 74.80, 0.32, 360.48
12:11:08  , 29.70, 74.90, 0.30, 274.24
12:11:12  , 29.70, 74.80, 0.31, 317.57
12:11:16  , 29.80, 74.80, 0.31, 262.08
12:11:20  , 29.80, 74.90, 0.32, 278.37
12:11:24  , 29.80, 74.50, 0.32, 274.24
12:11:28  , 29.80, 74.10, 0.30, 213.73
12:11:32  , 29.80, 73.80, 0.30, 220.73
12:11:36  , 29.80, 73.40, 0.29, 235.20
12:11:40  , 29.80, 73.00, 0.32, 213.73
12:11:44  , 29.80, 72.90, 0.30, 231.52
12:11:48  , 29.80, 72.60, 0.28, 200.20
12:11:52  , 29.80, 72.30, 0.29, 213.73
12:11:56  , 29.80, 72.10, 0.30, 177.97
12:12:00  , 29.80, 72.00, 0.29, 181.04
12:12:04  , 29.80, 71.90, 0.28, 196.92
12:12:09  , 29.80, 71.80, 0.29, 184.14
12:12:13  , 29.90, 71.80, 0.30, 184.14
12:12:17  , 29.90, 71.70, 0.31, 163.18
12:12:21  , 29.90, 71.60, 0.31, 181.04
12:12:25  , 29.90, 71.60, 0.30, 213.73
12:12:29  , 29.90, 71.60, 0.27, 238.92
12:12:33  , 29.90, 71.60, 0.25, 171.95
12:12:37  , 29.90, 71.60, 0.28, 163.18
12:12:41  , 29.90, 71.80, 0.31, 213.73
12:12:45  , 29.90, 72.00, 0.38, 262.08
12:12:49  , 29.90, 72.00, 0.27, 206.89
12:12:53  , 29.90, 72.10, 0.28, 274.24
12:12:57  , 29.90, 72.20, 0.29, 174.94
12:13:01  , 29.90, 72.30, 0.32, 177.97
12:13:05  , 29.90, 72.30, 0.23, 190.45
12:13:09  , 29.90, 72.30, 0.30, 184.14
12:13:13  , 29.90, 72.30, 0.29, 163.18
12:13:17  , 29.90, 72.40, 0.32, 196.92
12:13:21  , 29.90, 72.50, 0.27, 193.67
12:13:25  , 29.90, 72.40, 0.30, 196.92
12:13:29  , 29.90, 72.30, 0.29, 184.14
12:13:33  , 29.90, 72.50, 0.21, 166.07
12:13:37  , 29.90, 72.50, 0.29, 181.04
12:13:41  , 29.90, 72.50, 0.29, 193.67
12:13:45  , 29.90, 72.50, 0.30, 163.18
12:13:49  , 29.90, 72.70, 0.29, 213.73
12:13:53  , 29.90, 72.90, 0.29, 242.67
12:13:57  , 29.90, 73.00, 0.33, 177.97
12:14:01  , 29.90, 73.00, 0.28, 220.73
12:14:05  , 29.90, 73.20, 0.30, 224.29
12:14:09  , 29.90, 73.40, 0.32, 224.29
12:14:13  , 29.90, 73.60, 0.30, 217.21
12:14:17  , 30.00, 73.60, 0.31, 235.20
12:14:21  , 30.00, 73.70, 0.31, 217.21
12:14:25  , 30.10, 73.70, 0.31, 235.20
12:14:29  , 30.10, 73.60, 0.26, 190.45
12:14:33  , 30.20, 73.50, 0.30, 210.29
12:14:37  , 30.20, 73.30, 0.29, 203.53
12:14:41  , 30.20, 73.00, 0.29, 274.24
12:14:45  , 30.20, 72.80, 0.30, 196.92
12:14:49  , 30.30, 72.40, 0.30, 174.94
12:14:54  , 30.30, 72.00, 0.28, 206.89
12:14:58  , 30.30, 71.70, 0.25, 160.33
12:15:02  , 30.30, 71.40, 0.29, 163.18
12:15:06  , 30.20, 71.20, 0.30, 163.18
12:15:10  , 30.20, 70.80, 0.30, 200.20
12:15:14  , 30.20, 70.80, 0.30, 163.18
12:15:18  , 30.20, 70.90, 0.29, 181.04
12:15:22  , 30.20, 71.20, 0.29, 203.53
12:15:26  , 30.20, 71.30, 0.30, 184.14
12:15:30  , 30.20, 71.40, 0.31, 206.89
12:15:34  , 30.20, 71.40, 0.30, 235.20
12:15:38  , 30.20, 71.50, 0.31, 213.73
12:15:42  , 30.20, 71.60, 0.30, 250.31
12:15:46  , 30.20, 71.70, 0.20, 213.73
12:15:50  , 30.20, 71.70, 0.30, 254.20
12:15:54  , 30.20, 71.80, 0.30, 220.73
12:15:58  , 30.20, 72.10, 0.34, 250.31
12:16:02  , 30.20, 72.30, 0.29, 250.31
12:16:06  , 30.20, 72.50, 0.30, 262.08
12:16:10  , 30.20, 72.60, 0.30, 231.52
12:16:14  , 30.20, 72.60, 0.30, 210.29
12:16:18  , 30.20, 72.50, 0.30, 163.18
12:16:22  , 30.30, 72.20, 0.30, 206.89
12:16:26  , 30.30, 72.10, 0.30, 210.29
12:16:30  , 30.30, 71.90, 0.26, 213.73
12:16:34  , 30.30, 71.80, 0.30, 184.14
12:16:38  , 30.20, 71.80, 0.26, 166.07
12:16:42  , 30.30, 71.60, 0.27, 213.73
12:16:46  , 30.20, 71.70, 0.31, 157.51
12:16:50  , 30.20, 71.70, 0.30, 184.14
12:16:54  , 30.20, 71.70, 0.28, 203.53
12:16:58  , 30.20, 71.60, 0.25, 166.07
12:17:02  , 30.20, 71.50, 0.29, 163.18
12:17:06  , 30.20, 71.40, 0.28, 163.18
12:17:10  , 30.20, 71.40, 0.32, 177.97
12:17:14  , 30.20, 71.40, 0.30, 59.83
12:17:18  , 30.20, 71.30, 0.26, 181.04
12:17:22  , 30.20, 71.30, 0.30, 193.67
12:17:26  , 30.20, 71.50, 0.26, 157.51
12:17:30  , 30.20, 71.70, 0.30, 206.89
12:17:35  , 30.20, 71.80, 0.27, 138.74
12:17:39  , 30.20, 71.90, 0.29, 213.73
12:17:43  , 30.20, 72.00, 0.28, 163.18
12:17:47  , 30.20, 72.20, 0.31, 213.73
12:17:51  , 30.30, 72.10, 0.33, 206.89
12:17:55  , 30.30, 71.90, 0.32, 203.53
12:17:59  , 30.30, 71.80, 0.33, 196.92
12:18:03  , 30.30, 71.80, 0.30, 190.45
12:18:07  , 30.30, 71.60, 0.28, 227.88
12:18:11  , 30.30, 71.40, 0.27, 184.14
12:18:15  , 30.30, 71.30, 0.30, 193.67
12:18:19  , 30.30, 71.10, 0.30, 193.67
12:18:23  , 30.30, 70.80, 0.30, 206.89
12:18:27  , 30.30, 70.70, 0.30, 190.45
12:18:31  , 30.20, 70.80, 0.30, 217.21
12:18:35  , 30.20, 70.80, 0.25, 266.09
12:18:39  , 30.20, 70.80, 0.29, 224.29
12:18:43  , 30.20, 71.10, 0.30, 200.20
12:18:47  , 30.20, 71.30, 0.29, 254.20
12:18:51  , 30.20, 71.40, 0.30, 238.92
12:18:55  , 30.20, 71.50, 0.30, 227.88
12:18:59  , 30.20, 71.80, 0.30, 274.24
12:19:03  , 30.20, 72.10, 0.28, 274.24
12:19:07  , 30.20, 72.20, 0.33, 274.24
12:19:11  , 30.20, 72.30, 0.28, 254.20
12:19:15  , 30.20, 72.30, 0.30, 250.31
12:19:19  , 30.20, 72.30, 0.27, 380.78
12:19:23  , 30.20, 72.50, 0.31, 274.24
12:19:27  , 30.20, 72.60, 0.32, 274.24
12:19:31  , 30.20, 72.80, 0.33, 304.10
12:19:35  , 30.20, 72.90, 0.28, 274.24
12:19:39  , 30.20, 72.90, 0.30, 254.20
12:19:43  , 30.20, 72.90, 0.31, 304.10
12:19:47  , 30.20, 73.00, 0.31, 286.77
12:19:51  , 30.20, 73.00, 0.30, 274.24
12:19:55  , 30.20, 72.90, 0.30, 295.35
12:19:59  , 30.20, 73.00, 0.30, 429.38
12:20:03  , 30.20, 73.40, 0.31, 418.23
12:20:07  , 30.20, 73.70, 0.30, 396.53
12:20:11  , 30.20, 73.90, 0.34, 355.52
12:20:16  , 30.20, 74.00, 0.29, 360.48
12:20:20  , 30.20, 74.00, 0.34, 317.57
12:20:24  , 30.20, 73.90, 0.30, 336.17
12:20:28  , 30.20, 73.50, 0.30, 308.55
12:20:32  , 30.20, 73.20, 0.32, 345.75
12:20:36  , 30.20, 73.20, 0.30, 286.77
12:20:40  , 30.20, 73.00, 0.31, 308.55
12:20:44  , 30.10, 73.00, 0.33, 274.24
12:20:48  , 30.10, 72.80, 0.30, 278.37
12:20:52  , 30.10, 72.50, 0.30, 274.24
12:20:56  , 30.10, 72.10, 0.30, 262.08
12:21:00  , 30.00, 71.90, 0.29, 193.67
12:21:04  , 30.00, 71.90, 0.28, 238.92
12:21:08  , 30.00, 71.90, 0.40, 246.47
12:21:12  , 30.00, 71.90, 0.27, 227.88
12:21:16  , 30.10, 71.90, 0.29, 217.21
12:21:20  , 30.10, 71.90, 0.29, 274.24
12:21:24  , 30.10, 71.90, 0.28, 217.21
12:21:28  , 30.10, 71.90, 0.29, 220.73
12:21:32  , 30.10, 72.00, 0.30, 250.31
12:21:36  , 30.10, 72.00, 0.30, 220.73
12:21:40  , 30.10, 71.90, 0.30, 213.73
12:21:44  , 30.20, 71.90, 0.26, 345.75
12:21:48  , 30.20, 71.90, 0.30, 206.89
12:21:52  , 30.20, 71.90, 0.30, 210.29
12:21:56  , 30.20, 71.90, 0.30, 227.88
12:22:00  , 30.20, 71.90, 0.28, 213.73
12:22:04  , 30.20, 71.90, 0.30, 181.04
12:22:08  , 30.10, 71.80, 0.26, 213.73
12:22:12  , 30.10, 71.80, 0.28, 206.89
12:22:16  , 30.10, 71.70, 0.28, 119.24
12:22:20  , 30.10, 71.60, 0.28, 274.24
12:22:24  , 30.10, 71.50, 0.25, 206.89
12:22:28  , 30.10, 71.50, 0.29, 163.18
12:22:32  , 30.10, 71.50, 0.29, 177.97
12:22:36  , 30.10, 71.50, 0.26, 143.94
12:22:40  , 30.10, 71.50, 0.30, 171.95
12:22:44  , 30.20, 71.40, 0.29, 206.89
12:22:48  , 30.20, 71.40, 0.28, 184.14
12:22:52  , 30.20, 71.40, 0.30, 163.18
12:22:57  , 30.10, 71.50, 0.26, 190.45
12:23:01  , 30.10, 71.40, 0.30, 174.94
12:23:05  , 30.10, 71.40, 0.27, 190.45
12:23:09  , 30.20, 71.40, 0.25, 210.29
12:23:13  , 30.20, 71.40, 0.30, 181.04
12:23:17  , 30.20, 71.30, 0.28, 163.18
12:23:21  , 30.20, 71.30, 0.28, 163.18
12:23:25  , 30.20, 71.30, 0.29, 213.73
12:23:29  , 30.20, 71.40, 0.30, 177.97
12:23:33  , 30.20, 71.50, 0.27, 181.04
12:23:37  , 30.20, 71.60, 0.41, 213.73
12:23:41  , 30.30, 71.60, 0.26, 190.45
12:23:45  , 30.30, 71.60, 0.30, 177.97
12:23:49  , 30.30, 71.40, 0.27, 187.28
12:23:53  , 30.30, 71.30, 0.27, 217.21
12:23:57  , 30.40, 71.30, 0.30, 166.07
12:24:01  , 30.40, 71.10, 0.26, 181.04
12:24:05  , 30.40, 71.10, 0.24, 174.94
12:24:09  , 30.30, 71.00, 0.29, 163.18
12:24:13  , 30.40, 71.10, 0.28, 213.73
12:24:17  , 30.40, 71.10, 0.30, 184.14
12:24:21  , 30.40, 71.60, 0.29, 166.07
12:24:25  , 30.40, 71.60, 0.27, 163.18
12:24:29  , 30.40, 71.60, 0.29, 166.07
12:24:33  , 30.40, 71.40, 0.28, 193.67
12:24:37  , 30.40, 71.30, 0.29, 171.95
12:24:41  , 30.40, 71.30, 0.28, 220.73
12:24:45  , 30.40, 71.40, 0.30, 217.21
12:24:49  , 30.40, 71.60, 0.28, 154.73
12:24:53  , 30.40, 71.60, 0.26, 238.92
12:24:57  , 30.30, 71.70, 0.29, 246.47
12:25:01  , 30.30, 71.80, 0.26, 203.53
12:25:05  , 30.30, 72.00, 0.26, 213.73
12:25:09  , 30.30, 72.10, 0.29, 200.20
12:25:13  , 30.30, 72.20, 0.29, 217.21
12:25:17  , 30.30, 72.50, 0.26, 231.52
12:25:21  , 30.30, 72.70, 0.27, 213.73
12:25:25  , 30.30, 72.50, 0.29, 196.92
12:25:29  , 30.20, 72.40, 0.30, 184.14
12:25:33  , 30.30, 71.90, 0.30, 235.20
12:25:38  , 30.20, 71.90, 0.31, 168.99
12:25:42  , 30.20, 71.70, 0.31, 213.73
12:25:46  , 30.20, 71.50, 0.30, 177.97
12:25:50  , 30.20, 71.20, 0.30, 184.14
12:25:54  , 30.20, 71.10, 0.30, 163.18
12:25:58  , 30.20, 70.80, 0.39, 171.95
12:26:02  , 30.20, 70.80, 0.30, 190.45
12:26:06  , 30.20, 70.80, 0.40, 166.07
12:26:10  , 30.20, 70.70, 0.29, 168.99
12:26:14  , 30.20, 70.80, 0.33, 278.37
12:26:18  , 30.20, 70.90, 0.37, 224.29
12:26:22  , 30.20, 71.30, 0.30, 217.21
12:26:26  , 30.20, 71.80, 0.29, 206.89
12:26:30  , 30.20, 71.90, 0.30, 213.73
12:26:34  , 30.20, 71.90, 0.29, 196.92
12:26:38  , 30.20, 71.90, 0.30, 184.14
12:26:42  , 30.20, 71.90, 0.31, 200.20
12:26:46  , 30.20, 71.70, 0.30, 193.67
12:26:50  , 30.20, 71.70, 0.30, 206.89
12:26:54  , 30.20, 71.70, 0.30, 217.21
12:26:58  , 30.20, 71.80, 0.30, 136.19
12:27:02  , 30.20, 71.90, 0.30, 206.89
12:27:06  , 30.10, 72.00, 0.27, 213.73
12:27:10  , 30.10, 72.30, 0.29, 143.94
12:27:14  , 30.10, 72.60, 0.33, 210.29
12:27:18  , 30.10, 72.80, 0.31, 206.89
12:27:22  , 30.10, 72.90, 0.30, 224.29
12:27:26  , 30.10, 73.00, 0.33, 220.73
12:27:30  , 30.20, 73.00, 0.32, 231.52
12:27:34  , 30.20, 73.10, 0.29, 213.73
12:27:38  , 30.20, 73.10, 0.28, 206.89
12:27:42  , 30.20, 73.00, 0.30, 203.53
12:27:46  , 30.20, 73.00, 0.29, 196.92
12:27:50  , 30.20, 73.00, 0.32, 193.67
12:27:54  , 30.30, 72.90, 0.31, 227.88
12:27:58  , 30.30, 73.10, 0.32, 210.29
12:28:02  , 30.30, 73.20, 0.35, 203.53
12:28:06  , 30.30, 73.20, 0.29, 184.14
12:28:10  , 30.30, 73.50, 0.30, 220.73
12:28:14  , 30.40, 73.60, 0.30, 213.73
12:28:19  , 30.40, 73.60, 0.28, 163.18
12:28:23  , 30.50, 73.70, 0.29, 163.18
12:28:27  , 30.50, 73.50, 0.30, 187.28
12:28:31  , 30.50, 73.30, 0.30, 206.89
12:28:35  , 30.50, 73.10, 0.30, 196.92
12:28:39  , 30.40, 72.80, 0.27, 196.92
12:28:43  , 30.40, 72.50, 0.31, 187.28
12:28:47  , 30.40, 71.90, 0.28, 193.67
12:28:51  , 30.40, 71.60, 0.30, 181.04
12:28:55  , 30.40, 71.40, 0.33, 187.28
12:28:59  , 30.40, 71.30, 0.30, 166.07
12:29:03  , 30.40, 71.10, 0.30, 166.07
12:29:07  , 30.40, 71.00, 0.28, 166.07
12:29:11  , 30.40, 70.80, 0.25, 163.18
12:29:15  , 30.40, 70.70, 0.30, 166.07
12:29:19  , 30.40, 70.60, 0.30, 181.04
12:29:23  , 30.40, 70.40, 0.27, 166.07
12:29:27  , 30.30, 70.10, 0.27, 163.18
12:29:31  , 30.30, 69.90, 0.24, 65.78
12:29:35  , 30.30, 69.80, 0.26, 166.07
12:29:39  , 30.30, 69.50, 0.28, 149.27
12:29:43  , 30.30, 69.30, 0.24, 146.58
12:29:47  , 30.20, 69.30, 0.28, 163.18
12:29:51  , 30.20, 69.20, 0.26, 184.14
12:29:55  , 30.20, 69.10, 0.25, 163.18
12:29:59  , 30.20, 69.00, 0.26, 163.18
12:30:03  , 30.20, 68.90, 0.24, 171.95
12:30:07  , 30.10, 68.90, 0.26, 163.18
12:30:11  , 30.10, 68.80, 0.28, 143.94
12:30:15  , 30.10, 68.80, 0.32, 163.18
12:30:19  , 30.10, 69.00, 0.26, 163.18
12:30:23  , 30.10, 69.10, 0.29, 133.67
12:30:27  , 30.10, 69.20, 0.26, 149.27
12:30:31  , 30.10, 69.40, 0.24, 166.07
12:30:35  , 30.10, 69.60, 0.25, 171.95
12:30:39  , 30.10, 69.70, 0.26, 163.18
12:30:43  , 30.10, 69.70, 0.26, 163.18
12:30:47  , 30.10, 69.80, 0.31, 184.14
12:30:51  , 30.00, 69.90, 0.30, 163.18
12:30:55  , 30.00, 70.00, 0.37, 166.07
12:31:00  , 30.00, 70.00, 0.37, 282.55
12:31:04  , 30.00, 70.10, 0.35, 250.31
12:31:08  , 30.00, 70.20, 0.34, 278.37
12:31:12  , 30.00, 70.30, 0.37, 270.14
12:31:16  , 30.00, 70.60, 0.34, 238.92
12:31:20  , 30.00, 70.50, 0.25, 224.29
12:31:24  , 30.00, 70.30, 0.33, 238.92
12:31:28  , 30.00, 70.30, 0.61, 637.65
